240	259	50	20	103.93333333333334	49.13333333333333	36.79021539939854	0.39291342037999805	10.566616313664944
240	259	50	40	165.36666666666667	50.0	55.15866666666667	0.36180232395808687	16.580000000000002
240	259	50	60	201.86666666666667	50.0	72.24866666666665	0.32387200337364597	20.466666666666672
240	259	50	80	222.23333333333332	50.0	88.24066666666666	0.2830888933016558	22.474
240	259	50	100	233.6	50.0	100.50266666666668	0.2531609142021001	23.538666666666668
240	259	50	120	239.8	50.0	111.81666666666666	0.2285247157268095	24.198000000000004
240	259	50	140	240.96666666666667	49.666666666666664	119.8742636054422	0.2107381355377464	24.42710997732426
240	259	50	160	240.1	48.766666666666666	126.61454500168867	0.19949628636573194	24.80126202537753
240	259	50	180	243.16666666666666	47.63333333333333	131.9811722714474	0.19800026450360683	25.744211353356224
240	259	50	200	238.6	46.266666666666666	127.80670392191347	0.2007208814310804	25.924952046481575
240	259	50	220	239.8	45.8	129.81085735130108	0.2014547595143455	26.373395178456782
240	259	50	240	240.96666666666667	45.7	130.4871580561341	0.19977905710070945	26.61630681787785
240	259	50	260	240.76666666666668	45.6	131.33975329519427	0.197582598857564	26.630904353709376
240	259	50	280	239.7	44.86666666666667	132.31531030099478	0.19788536706526993	26.93901723958788
240	259	100	20	165.5	96.63333333333334	36.03665987756509	0.3393664853482225	8.865494347806955
240	259	100	40	233.8	99.83333333333333	53.33258324744038	0.2673893226307405	11.799061087061087
240	259	100	60	251.83333333333334	99.26666666666667	67.5266321012212	0.21685192775971282	12.698123188544397
240	259	100	80	255.93333333333334	94.6	79.02698172251968	0.1914310997897262	13.546261110562048
240	259	100	100	256.46666666666664	85.86666666666666	86.55770447810268	0.18771170391038008	14.952578008193031
240	259	100	120	256.93333333333334	81.53333333333333	90.87263525058091	0.18559207675647374	15.785657124717913
240	259	100	140	255.7	78.1	90.81777890182502	0.19050770769045805	16.400247025542924
240	259	100	160	256.73333333333335	75.96666666666667	94.21109361436146	0.18845270531184186	16.928378789814552
240	259	100	180	255.8	74.96666666666667	94.72561142869202	0.18714760481724954	17.078353925757245
240	259	100	200	256.56666666666666	74.43333333333334	94.57333116437395	0.18785705683444878	17.269255753644764
240	259	100	220	256.56666666666666	73.5	95.25654008858452	0.18935864430410498	17.478939465140847
240	259	100	240	256.6666666666667	72.7	95.67030930619391	0.18944100810427875	17.679146062478676
240	259	100	260	257.06666666666666	71.5	97.58412585356375	0.18912557648913583	18.03045928385628
240	259	100	280	256.23333333333335	72.33333333333333	96.647468356057	0.18917053522507757	17.742252502122206
240	259	200	20	221.93333333333334	178.03333333333333	36.327496541098114	0.251914762730861	6.479040129870596
240	259	200	40	257.8	175.66666666666666	49.68017839680598	0.1881344318839756	7.62873444487937
240	259	200	60	259.0	139.2	60.584841277825305	0.1864249664082632	9.64508235911185
240	259	200	80	258.96666666666664	119.83333333333333	66.89705996436761	0.18927312440511093	11.20123748121072
240	259	200	100	258.9	110.06666666666666	71.22686060129533	0.1895045706167374	12.196189720032883
240	259	200	120	258.96666666666664	105.53333333333333	73.3213818368604	0.1889791691587753	12.724247081522758
240	259	200	140	258.96666666666664	103.23333333333333	74.91112263196682	0.18776679847931307	13.011547584247543
240	259	200	160	258.96666666666664	100.03333333333333	76.05739202057678	0.19032665056602988	13.422530098585177
240	259	200	180	259.0	98.86666666666666	76.99027559670178	0.18900559797406505	13.592647116199396
240	259	200	200	258.93333333333334	98.76666666666667	77.54343738366728	0.18734018232472105	13.601484670670423
240	259	200	220	259.0	98.73333333333333	77.2104073275598	0.18778013411442687	13.598520260297246
240	259	200	240	259.0	99.13333333333334	76.68968912403622	0.1873291492151926	13.550543797142744
240	259	200	260	259.0	99.4	76.28477373715357	0.18785242256857215	13.515699783771314
240	259	200	280	258.93333333333334	98.5	77.01350788317806	0.18792278558578604	13.637728456079182
240	259	200	10	172.43333333333334	143.46666666666667	29.490723728401015	0.3569300878990774	6.161651530751046
240	500	20	10	171.23333333333332	18.166666666666668	10.889584623323012	4.375847863308002	47.69791638000229
240	500	40	10	288.96666666666664	35.86666666666667	10.741264753220586	3.800491465703758	40.896690275517614
240	500	60	10	355.0	53.666666666666664	10.557233073163095	3.176216553003477	33.64041669798582
240	500	80	10	401.56666666666666	72.6	10.39031005243288	2.6843232740289142	28.03134775927973
240	500	100	10	428.6333333333333	90.63333333333334	10.227912394546363	2.335303744860948	24.037108236175396
240	500	120	10	439.1	108.56666666666666	10.053336708093251	2.0328654533003	20.571269120790046
240	500	140	10	449.6333333333333	125.8	9.925705600778123	1.820877246988089	18.204068750121163
240	500	160	10	453.6	143.93333333333334	9.780363646644865	1.629502716469056	16.043971160950036
240	500	180	10	456.6666666666667	162.13333333333333	9.640260221403121	1.4773863719081446	14.33459149607906
240	500	200	10	457.2	181.43333333333334	9.494171233494779	1.3419420696936681	12.831912204865143
240	500	220	10	459.0	199.4	9.38373262821816	1.2410896949526828	11.732392704183148
240	500	240	10	458.73333333333335	216.4	9.25679098553855	1.1577988338270193	10.799963757714986
240	500	260	10	459.9	233.46666666666667	9.133476077181989	1.0890420542529524	10.043321918398505
240	500	280	10	459.96666666666664	250.8	8.96208732903137	1.0313607331338612	9.348369004241778
240	491	20	10	61.5	18.4	95.93184411191375	1.1360479947152184	15.601275656461414
240	491	40	10	113.13333333333334	35.8	83.97087101424562	1.056159450154845	14.604376714814018
240	491	60	10	151.6	52.8	70.28562365385821	0.9987045758497246	13.320807193902672
240	491	80	10	189.96666666666667	71.6	87.83621847296445	0.9165041486559583	12.453503389893624
240	491	100	10	223.43333333333334	89.63333333333334	82.3686186645251	0.8604070965302228	11.69911944524221
240	491	120	10	246.7	107.83333333333333	80.12858216183515	0.7926077770715726	10.729922950394323
240	491	140	10	269.46666666666664	124.86666666666666	82.44694505868802	0.7623675764872416	10.178990493417905
240	491	160	10	286.8333333333333	142.16666666666666	81.86015075813035	0.7171143526438919	9.565560905232024
240	491	180	10	304.8333333333333	160.6	80.06648929498675	0.6756475084026199	8.993531045530764
240	491	200	10	319.1333333333333	178.86666666666667	75.38078771307637	0.6455063124530974	8.496752097390173
240	491	220	10	329.0	195.63333333333333	81.92090155119185	0.6075964552707251	8.003552538949522
240	491	240	10	341.43333333333334	212.66666666666666	70.49376752381484	0.5910490345465772	7.647782153159118
240	491	260	10	350.56666666666666	229.56666666666666	76.62437477373625	0.5627299837429406	7.267718939961553
240	491	280	10	360.2	246.46666666666667	78.17619927112536	0.5367490735291807	6.973441057526068
240	50	20	10	11.233333333333333	6.866666666666666	12.349642857142857	0.8253392690128801	9.425992063492064
240	50	40	10	12.0	10.933333333333334	12.257643837643837	0.5387063893831568	6.0707179857179865
240	50	60	10	12.833333333333334	12.666666666666666	12.63935508935509	0.4833917457402305	5.603224553224554
240	50	80	10	12.966666666666667	12.966666666666667	12.817948717948719	0.46947325822325825	5.539957264957265
240	50	100	10	13.0	13.0	12.902564102564101	0.46564879564879574	5.538461538461538
240	50	120	10	13.0	13.0	12.971794871794874	0.46280108780108786	5.538461538461538
240	50	140	10	13.0	13.0	12.956410256410257	0.46318958818958833	5.538461538461538
240	50	160	10	13.0	13.0	12.969230769230766	0.4630147630147631	5.538461538461538
240	50	180	10	13.0	13.0	12.99230769230769	0.4619852369852371	5.538461538461538
240	50	200	10	13.0	13.0	12.984615384615385	0.46219891219891224	5.538461538461538
240	50	220	10	13.0	13.0	12.99230769230769	0.46194638694638707	5.538461538461538
240	50	240	10	13.0	13.0	12.994871794871793	0.46181041181041194	5.538461538461538
240	50	260	10	13.0	13.0	13.0	0.4615384615384616	5.538461538461538
240	50	280	10	13.0	13.0	12.997435897435897	0.46167443667443675	5.538461538461538
240	50	20	10	10.5	7.3	12.239086099086098	0.6465241478031881	7.312828282828283
240	50	40	10	11.966666666666667	11.0	12.322685000184999	0.4750948900519607	5.393190513190514
240	50	60	10	12.866666666666667	12.666666666666666	12.72645299145299	0.42732161357161347	5.008490028490029
240	50	80	10	12.966666666666667	12.966666666666667	12.763675213675214	0.41773666148666155	4.914529914529914
240	50	100	10	12.966666666666667	12.966666666666667	12.90192307692308	0.41302997927997936	4.914529914529914
240	50	120	10	13.0	13.0	12.94102564102564	0.4127816627816629	4.9230769230769225
240	50	140	10	12.966666666666667	12.966666666666667	12.963675213675213	0.4109783734783736	4.914529914529914
240	50	160	10	13.0	13.0	12.987179487179485	0.4107226107226109	4.9230769230769225
240	50	180	10	13.0	13.0	12.979487179487178	0.4111693861693863	4.9230769230769225
240	50	200	10	13.0	13.0	12.994871794871793	0.41048951048951066	4.9230769230769225
240	50	220	10	13.0	13.0	12.997435897435897	0.41037296037296056	4.9230769230769225
240	50	240	10	13.0	13.0	13.0	0.41025641025641046	4.9230769230769225
240	50	260	10	13.0	13.0	12.997435897435897	0.41037296037296056	4.9230769230769225
240	50	280	10	13.0	13.0	12.997435897435897	0.41037296037296056	4.9230769230769225
240	50	20	10	10.066666666666666	6.233333333333333	12.254219576719578	0.9083500380792048	10.30664021164021
240	50	40	10	12.5	11.533333333333333	12.353671328671329	0.5568337767731706	6.272215747215747
240	50	60	10	12.7	12.666666666666666	12.725019425019422	0.4898922500058863	5.727039627039626
240	50	80	10	12.966666666666667	12.966666666666667	12.864102564102568	0.4750971250971251	5.628205128205127
240	50	100	10	12.966666666666667	12.966666666666667	12.89679487179487	0.47338092463092457	5.628205128205127
240	50	120	10	12.966666666666667	12.966666666666667	12.940811965811966	0.47163591038591035	5.628205128205127
240	50	140	10	13.0	13.0	12.979487179487183	0.4687839937839936	5.615384615384614
240	50	160	10	13.0	13.0	12.982051282051284	0.4687451437451434	5.615384615384614
240	50	180	10	13.0	13.0	12.987179487179487	0.46843434343434326	5.615384615384614
240	50	200	10	13.0	13.0	12.994871794871793	0.468142968142968	5.615384615384614
240	50	220	10	13.0	13.0	12.98974358974359	0.46833721833721814	5.615384615384614
240	50	240	10	13.0	13.0	12.994871794871793	0.4681429681429679	5.615384615384614
240	50	260	10	13.0	13.0	12.994871794871793	0.46814296814296785	5.615384615384614
240	50	280	10	13.0	13.0	12.997435897435897	0.4680458430458428	5.615384615384614
240	50	20	10	9.333333333333334	6.466666666666667	91.51814814814817	0.5070667772288486	7.555793650793651
240	50	40	10	12.766666666666667	11.333333333333334	107.3101363913864	0.39898368221379676	5.821216838716839
240	50	60	10	14.333333333333334	12.966666666666667	138.28120129326012	0.36275684375573575	5.70020306762954
240	50	80	10	15.766666666666667	14.733333333333333	128.55674474490652	0.3440697697133835	5.4930399339222875
240	50	100	10	17.066666666666666	15.9	136.8473693692502	0.33772782683848884	5.471841514608542
240	50	120	10	17.766666666666666	16.8	165.64370542211483	0.3182115207610691	5.372168436425401
240	50	140	10	17.9	17.033333333333335	173.17301298589612	0.3154553995938648	5.3189391780103845
240	50	160	10	18.5	17.833333333333332	146.8627819548872	0.3086295957754849	5.213431577309287
240	50	180	10	18.933333333333334	18.433333333333334	133.32308604435923	0.312465207788887	5.189237124674431
240	50	200	10	19.533333333333335	18.633333333333333	184.0016167051616	0.3093090319331384	5.310773092862877
240	50	220	10	19.066666666666666	18.666666666666668	167.30871947024423	0.29849110527565387	5.171129170966632
240	50	240	10	19.8	18.966666666666665	152.21373689534298	0.31018409279515047	5.2829290341867745
240	50	260	10	20.033333333333335	19.566666666666666	165.04271088446012	0.29713555890772086	5.170313260870537
240	50	280	10	20.2	19.7	159.6342149491376	0.2998193113237682	5.167792907700029
240	50	20	10	10.366666666666667	6.033333333333333	12.37169312169312	1.031639510181177	11.732949735449735
240	50	40	10	12.366666666666667	11.2	12.154736374736377	0.6067638383408587	6.760078255078255
240	50	60	10	12.966666666666667	12.933333333333334	12.67008547008547	0.5033509237675905	5.87307692307692
240	50	80	10	12.9	12.9	12.791666666666666	0.497955192955193	5.878205128205124
240	50	100	10	13.0	13.0	12.902564102564103	0.4909362859362859	5.846153846153842
240	50	120	10	12.966666666666667	12.966666666666667	12.940384615384614	0.4899394586894587	5.856837606837603
240	50	140	10	13.0	13.0	12.979487179487178	0.4878205128205129	5.846153846153842
240	50	160	10	13.0	13.0	12.974358974358974	0.4880924630924631	5.846153846153842
240	50	180	10	13.0	13.0	12.997435897435897	0.48721833721833724	5.846153846153842
240	50	200	10	13.0	13.0	12.989743589743592	0.4873737373737374	5.846153846153842
240	50	220	10	13.0	13.0	12.997435897435897	0.48721833721833724	5.846153846153842
240	50	240	10	13.0	13.0	12.997435897435897	0.48721833721833724	5.846153846153842
240	50	260	10	13.0	13.0	12.997435897435897	0.48721833721833724	5.846153846153842
240	50	280	10	13.0	13.0	13.0	0.4871794871794872	5.846153846153842
240	50	20	10	8.733333333333333	5.7	12.323392255892257	0.7953433341350009	9.009205146705145
240	50	40	10	11.3	10.1	12.377534872534874	0.6044121062719547	6.824617604617604
240	50	60	10	11.7	11.666666666666666	12.768535353535352	0.5084383226201408	5.963989898989897
240	50	80	10	11.966666666666667	11.966666666666667	12.816161616161619	0.5030857820630549	5.9164141414141405
240	50	100	10	12.0	12.0	12.908333333333331	0.498030303030303	5.916666666666666
240	50	120	10	12.0	12.0	12.96388888888889	0.49501262626262615	5.916666666666666
240	50	140	10	12.0	12.0	12.977777777777778	0.49393939393939384	5.916666666666666
240	50	160	10	12.0	12.0	12.986111111111112	0.49372895622895613	5.916666666666666
240	50	180	10	12.0	12.0	12.98611111111111	0.4938762626262625	5.916666666666666
240	50	200	10	12.0	12.0	12.991666666666667	0.49362373737373727	5.916666666666666
240	50	220	10	12.0	12.0	12.988888888888889	0.4938131313131312	5.916666666666666
240	50	240	10	12.0	12.0	13.0	0.4930555555555554	5.916666666666666
240	50	260	10	12.0	12.0	12.997222222222222	0.49324494949494935	5.916666666666666
240	50	280	10	12.0	12.0	13.0	0.4930555555555554	5.916666666666666
240	50	20	10	10.2	6.833333333333333	12.350899470899472	0.6237257696007694	7.139007936507937
240	50	40	10	12.333333333333334	11.333333333333334	12.284838124838124	0.4479128130567523	5.022494172494173
240	50	60	10	12.8	12.7	12.648212898212899	0.40045251465706017	4.632711732711731
240	50	80	10	13.0	12.966666666666667	12.806623931623932	0.3925647500647501	4.628205128205127
240	50	100	10	13.0	13.0	12.938461538461537	0.38659673659673666	4.615384615384614
240	50	120	10	13.0	13.0	12.951282051282051	0.38620823620823636	4.615384615384614
240	50	140	10	13.0	13.0	12.96923076923077	0.3858003108003109	4.615384615384614
240	50	160	10	13.0	13.0	12.987179487179485	0.3851592851592853	4.615384615384614
240	50	180	10	13.0	13.0	12.989743589743588	0.3850038850038852	4.615384615384614
240	50	200	10	13.0	13.0	12.99230769230769	0.3849650349650352	4.615384615384614
240	50	220	10	13.0	13.0	12.99230769230769	0.384926184926185	4.615384615384614
240	50	240	10	13.0	13.0	12.997435897435897	0.38473193473193495	4.615384615384614
240	50	260	10	13.0	13.0	13.0	0.38461538461538486	4.615384615384614
240	50	280	10	13.0	13.0	13.0	0.3846153846153848	4.615384615384614
240	50	20	10	10.566666666666666	7.4	12.26371572871573	0.5856238977072311	6.65594757094757
240	50	40	10	12.366666666666667	11.433333333333334	12.414428256928257	0.4440524907191575	5.09014763014763
240	50	60	10	12.8	12.666666666666666	12.650493395493395	0.41132231993595625	4.814677544677546
240	50	80	10	12.966666666666667	12.966666666666667	12.840598290598287	0.4019968919968921	4.763034188034189
240	50	100	10	13.0	13.0	12.905128205128205	0.4001165501165502	4.769230769230771
240	50	120	10	13.0	13.0	12.946153846153845	0.3990209790209791	4.769230769230771
240	50	140	10	13.0	13.0	12.966666666666669	0.3983877233877235	4.769230769230771
240	50	160	10	13.0	13.0	12.976923076923079	0.39805749805749824	4.769230769230771
240	50	180	10	13.0	13.0	12.984615384615383	0.397804972804973	4.769230769230771
240	50	200	10	13.0	13.0	12.984615384615386	0.39776612276612294	4.769230769230771
240	50	220	10	13.0	13.0	12.994871794871793	0.39755244755244773	4.769230769230771
240	50	240	10	13.0	13.0	12.997435897435897	0.3974941724941727	4.769230769230771
240	50	260	10	13.0	13.0	12.994871794871793	0.39755244755244773	4.769230769230771
240	50	280	10	13.0	13.0	12.997435897435897	0.3974941724941727	4.769230769230771
240	50	20	10	9.4	6.833333333333333	12.349499759499762	0.787163325170901	8.960716690716692
240	50	40	10	12.666666666666666	11.866666666666667	12.377259777259773	0.5584842938580311	6.373727013727012
240	50	60	10	12.866666666666667	12.866666666666667	12.614316239316237	0.5027745402745404	5.855555555555552
240	50	80	10	12.9	12.9	12.834751359751357	0.4947151585787949	5.865753690753687
240	50	100	10	13.0	13.0	12.907692307692304	0.4903224553224553	5.846153846153842
240	50	120	10	13.0	13.0	12.935897435897436	0.48956876456876447	5.846153846153842
240	50	140	10	13.0	13.0	12.964102564102564	0.4883644133644134	5.846153846153842
240	50	160	10	13.0	13.0	12.96923076923077	0.4880730380730381	5.846153846153842
240	50	180	10	13.0	13.0	12.982051282051282	0.4878593628593629	5.846153846153842
240	50	200	10	13.0	13.0	12.979487179487181	0.4878399378399378	5.846153846153842
240	50	220	10	13.0	13.0	12.994871794871793	0.48729603729603727	5.846153846153842
240	50	240	10	13.0	13.0	13.0	0.4871794871794872	5.846153846153842
240	50	260	10	13.0	13.0	12.994871794871793	0.48737373737373735	5.846153846153842
240	50	280	10	13.0	13.0	12.997435897435897	0.48727661227661234	5.846153846153842
240	50	20	10	10.833333333333334	7.466666666666667	12.378905723905723	0.5968787107486602	6.794929052429054
240	50	40	10	12.533333333333333	11.466666666666667	12.427633662633665	0.4805142949082343	5.479601972101972
240	50	60	10	12.5	12.433333333333334	12.609553224553222	0.42444193096465826	4.913030303030305
240	50	80	10	12.9	12.9	12.808760683760683	0.4213503626003625	4.966666666666667
240	50	100	10	13.0	13.0	12.91025641025641	0.42040404040404034	5.0
240	50	120	10	13.0	13.0	12.95128205128205	0.41839549339549326	5.0
240	50	140	10	13.0	13.0	12.964102564102564	0.4180069930069929	5.0
240	50	160	10	13.0	13.0	12.971794871794874	0.4177350427350426	5.0
240	50	180	10	13.0	13.0	12.979487179487181	0.4175213675213674	5.0
240	50	200	10	13.0	13.0	12.997435897435897	0.41678321678321667	5.0
240	50	220	10	13.0	13.0	12.994871794871793	0.4168026418026417	5.0
240	50	240	10	13.0	13.0	13.0	0.4166666666666666	5.0
240	50	260	10	13.0	13.0	12.99230769230769	0.41701631701631686	5.0
240	50	280	10	13.0	13.0	12.994871794871793	0.41689976689976677	5.0
240	50	20	10	10.266666666666667	6.566666666666666	12.331891534391533	0.5968063772647105	6.779179894179895
240	50	40	10	12.166666666666666	11.0	12.448445443445443	0.42508888165706354	4.850336330336331
240	50	60	10	12.833333333333334	12.7	12.739024864024863	0.3751423029832122	4.389782439782439
240	50	80	10	12.866666666666667	12.866666666666667	12.861383061383062	0.36486632054813867	4.319347319347319
240	50	100	10	13.0	13.0	12.920512820512817	0.36180652680652675	4.3076923076923075
240	50	120	10	13.0	13.0	12.953846153846152	0.36076146076146076	4.3076923076923075
240	50	140	10	13.0	13.0	12.976923076923077	0.3597125097125097	4.3076923076923075
240	50	160	10	13.0	13.0	12.982051282051282	0.35961538461538467	4.3076923076923075
240	50	180	10	13.0	13.0	12.982051282051282	0.3595765345765346	4.3076923076923075
240	50	200	10	13.0	13.0	12.98974358974359	0.35934343434343424	4.3076923076923075
240	50	220	10	13.0	13.0	12.987179487179487	0.3594988344988345	4.3076923076923075
240	50	240	10	13.0	13.0	12.997435897435897	0.3591103341103341	4.3076923076923075
240	50	260	10	13.0	13.0	13.0	0.3589743589743589	4.3076923076923075
240	50	280	10	13.0	13.0	12.997435897435897	0.35905205905205906	4.3076923076923075
240	50	20	10	11.3	7.666666666666667	12.237631072631071	0.7983822210804535	9.019366281866285
240	50	40	10	12.366666666666667	11.2	12.400808728308728	0.5509211147999026	6.272465034965035
240	50	60	10	12.8	12.733333333333333	12.684615384615388	0.4746471121471122	5.534149184149184
240	50	80	10	12.8	12.733333333333333	12.76783216783217	0.47114863671681845	5.5369075369075365
240	50	100	10	13.0	13.0	12.87179487179487	0.4603535353535353	5.461538461538462
240	50	120	10	13.0	13.0	12.95384615384615	0.4564491064491064	5.461538461538462
240	50	140	10	13.0	13.0	12.961538461538463	0.45633255633255626	5.461538461538462
240	50	160	10	13.0	13.0	12.953846153846152	0.4565073815073814	5.461538461538462
240	50	180	10	13.0	13.0	12.984615384615383	0.4555555555555554	5.461538461538462
240	50	200	10	13.0	13.0	12.987179487179485	0.4554390054390053	5.461538461538462
240	50	220	10	13.0	13.0	12.989743589743592	0.45551670551670526	5.461538461538462
240	50	240	10	13.0	13.0	12.994871794871793	0.45520590520590504	5.461538461538462
240	50	260	10	13.0	13.0	12.994871794871793	0.45522533022533	5.461538461538462
240	50	280	10	13.0	13.0	12.99230769230769	0.4552447552447551	5.461538461538462
240	50	20	10	10.5	6.966666666666667	12.42686507936508	0.7023270536048314	8.034894179894183
240	50	40	10	12.533333333333333	11.8	12.323490305990305	0.500727754008057	5.631369186369189
240	50	60	10	12.7	12.6	12.687637917637916	0.45236520802429886	5.264941724941727
240	50	80	10	12.9	12.9	12.836383061383062	0.4381235725553907	5.16631701631702
240	50	100	10	12.966666666666667	12.966666666666667	12.897008547008545	0.43515993265993264	5.165384615384619
240	50	120	10	13.0	13.0	12.951282051282051	0.4317793317793316	5.153846153846158
240	50	140	10	13.0	13.0	12.966666666666665	0.4311771561771562	5.153846153846158
240	50	160	10	13.0	13.0	12.971794871794872	0.4305167055167054	5.153846153846158
240	50	180	10	13.0	13.0	12.987179487179487	0.4300893550893549	5.153846153846158
240	50	200	10	13.0	13.0	12.982051282051284	0.430205905205905	5.153846153846158
240	50	220	10	13.0	13.0	12.994871794871793	0.4297591297591296	5.153846153846158
240	50	240	10	13.0	13.0	12.997435897435897	0.4296231546231545	5.153846153846158
240	50	260	10	13.0	13.0	12.997435897435897	0.4296231546231545	5.153846153846158
240	50	280	10	13.0	13.0	12.994871794871793	0.42975912975912955	5.153846153846158
240	50	20	10	11.0	7.1	12.330277777777779	0.8111026735610071	9.244748677248678
240	50	40	10	12.5	11.5	12.42438616938617	0.5265361481952391	6.009845247345248
240	50	60	10	12.633333333333333	12.466666666666667	12.624254079254081	0.47685498340043797	5.537218337218339
240	50	80	10	12.966666666666667	12.966666666666667	12.848290598290596	0.45410742035742047	5.38846153846154
240	50	100	10	12.966666666666667	12.966666666666667	12.900854700854701	0.45221736596736606	5.38846153846154
240	50	120	10	13.0	13.0	12.966666666666665	0.4497474747474748	5.384615384615386
240	50	140	10	13.0	13.0	12.976923076923077	0.44947552447552463	5.384615384615386
240	50	160	10	13.0	13.0	12.987179487179487	0.44906759906759913	5.384615384615386
240	50	180	10	13.0	13.0	12.979487179487178	0.4491258741258742	5.384615384615386
240	50	200	10	13.0	13.0	12.984615384615385	0.448970473970474	5.384615384615386
240	50	220	10	13.0	13.0	12.997435897435897	0.4487762237762239	5.384615384615386
240	50	240	10	13.0	13.0	12.98974358974359	0.448970473970474	5.384615384615386
240	50	260	10	13.0	13.0	12.997435897435897	0.4487762237762239	5.384615384615386
240	50	280	10	13.0	13.0	13.0	0.44871794871794884	5.384615384615386
240	50	20	10	10.833333333333334	6.8	12.337308802308803	0.8615668314336243	9.814301346801347
240	50	40	10	12.533333333333333	11.466666666666667	12.227853442853442	0.5307377658817054	5.9765948865948895
240	50	60	10	12.733333333333333	12.733333333333333	12.608449883449886	0.4639046349273622	5.386208236208238
240	50	80	10	12.966666666666667	12.966666666666667	12.810042735042733	0.4492126392126392	5.316880341880344
240	50	100	10	13.0	13.0	12.884615384615387	0.4462198912198911	5.307692307692309
240	50	120	10	13.0	13.0	12.946153846153846	0.44421134421134395	5.307692307692309
240	50	140	10	13.0	13.0	12.966666666666663	0.4432595182595181	5.307692307692309
240	50	160	10	13.0	13.0	12.966666666666667	0.44314296814296816	5.307692307692309
240	50	180	10	13.0	13.0	12.976923076923077	0.4428787878787877	5.307692307692309
240	50	200	10	13.0	13.0	12.99230769230769	0.44254079254079237	5.307692307692309
240	50	220	10	13.0	13.0	12.989743589743592	0.44254079254079237	5.307692307692309
240	50	240	10	13.0	13.0	13.0	0.4423076923076921	5.307692307692309
240	50	260	10	13.0	13.0	12.99230769230769	0.44254079254079237	5.307692307692309
240	50	280	10	13.0	13.0	12.997435897435897	0.44236596736596717	5.307692307692309
240	50	20	10	10.433333333333334	6.733333333333333	12.235684223184226	0.7525648160294622	8.549126984126985
240	50	40	10	12.366666666666667	11.7	12.284926184926187	0.47609828340383903	5.3854713804713805
240	50	60	10	12.8	12.733333333333333	12.675811965811967	0.43380795130795125	5.0770940170940175
240	50	80	10	12.966666666666667	12.9	12.837101787101789	0.4299584716630171	5.102350427350427
240	50	100	10	13.0	13.0	12.94102564102564	0.4245104895104896	5.0769230769230775
240	50	120	10	13.0	13.0	12.917948717948718	0.42506993006993016	5.0769230769230775
240	50	140	10	13.0	13.0	12.96153846153846	0.423892773892774	5.0769230769230775
240	50	160	10	13.0	13.0	12.982051282051282	0.4234265734265735	5.0769230769230775
240	50	180	10	13.0	13.0	12.984615384615386	0.42334887334887344	5.0769230769230775
240	50	200	10	13.0	13.0	12.984615384615385	0.4233488733488734	5.0769230769230775
240	50	220	10	13.0	13.0	12.98974358974359	0.4232128982128983	5.0769230769230775
240	50	240	10	13.0	13.0	13.0	0.42307692307692324	5.0769230769230775
240	50	260	10	13.0	13.0	13.0	0.42307692307692324	5.0769230769230775
240	50	280	10	13.0	13.0	12.997435897435897	0.42315462315462327	5.0769230769230775
240	50	20	10	9.833333333333334	6.2	12.34912698412698	0.8149461880711881	9.254047619047618
240	50	40	10	12.3	11.566666666666666	12.279456099456102	0.5450071617495859	6.087814685314683
240	50	60	10	12.866666666666667	12.7	12.699405594405597	0.4962484989757718	5.777886557886555
240	50	80	10	13.0	13.0	12.833333333333337	0.48293706293706296	5.69230769230769
240	50	100	10	12.966666666666667	12.966666666666667	12.912820512820513	0.47806105931105936	5.683119658119655
240	50	120	10	13.0	13.0	12.956410256410255	0.477039627039627	5.69230769230769
240	50	140	10	13.0	13.0	12.982051282051282	0.47531080031080036	5.69230769230769
240	50	160	10	13.0	13.0	12.987179487179485	0.4750777000777001	5.69230769230769
240	50	180	10	13.0	13.0	12.987179487179484	0.47505827505827514	5.69230769230769
240	50	200	10	13.0	13.0	12.992307692307692	0.47488344988344994	5.69230769230769
240	50	220	10	13.0	13.0	13.0	0.4743589743589744	5.69230769230769
240	50	240	10	13.0	13.0	12.994871794871793	0.4747086247086248	5.69230769230769
240	50	260	10	13.0	13.0	12.994871794871793	0.47470862470862474	5.69230769230769
240	50	280	10	13.0	13.0	12.994871794871793	0.4747086247086248	5.69230769230769
240	50	20	10	10.9	6.933333333333334	12.386378066378068	0.9617410723395572	11.009525012025014
240	50	40	10	12.366666666666667	11.566666666666666	12.31956876456876	0.6160732617550799	6.9754390054390045
240	50	60	10	12.8	12.633333333333333	12.669172494172495	0.5701331496786041	6.652612665112666
240	50	80	10	12.9	12.9	12.832905982905986	0.5518826081326081	6.526282051282052
240	50	100	10	13.0	13.0	12.912820512820511	0.548853923853924	6.538461538461539
240	50	120	10	13.0	13.0	12.951282051282051	0.546930846930847	6.538461538461539
240	50	140	10	13.0	13.0	12.974358974358974	0.5460567210567213	6.538461538461539
240	50	160	10	13.0	13.0	12.987179487179485	0.5453768453768456	6.538461538461539
240	50	180	10	13.0	13.0	12.987179487179487	0.5454351204351208	6.538461538461539
240	50	200	10	13.0	13.0	12.989743589743592	0.5453185703185706	6.538461538461539
240	50	220	10	13.0	13.0	12.99230769230769	0.5452020202020205	6.538461538461539
240	50	240	10	13.0	13.0	12.994871794871793	0.5451437451437454	6.538461538461539
240	50	260	10	13.0	13.0	12.992307692307692	0.5451631701631705	6.538461538461539
240	50	280	10	13.0	13.0	12.997435897435897	0.5450077700077702	6.538461538461539
240	50	20	10	10.7	6.766666666666667	12.306997354497355	0.7269656752712309	8.25533068783069
240	50	40	10	12.166666666666666	11.666666666666666	12.425929625929626	0.4363607468569591	4.995603285603285
240	50	60	10	12.866666666666667	12.833333333333334	12.61641414141414	0.40444182501000686	4.718939393939394
240	50	80	10	12.933333333333334	12.933333333333334	12.827564102564105	0.3968534706034707	4.701709401709402
240	50	100	10	13.0	13.0	12.87948717948718	0.3948329448329449	4.692307692307692
240	50	120	10	12.966666666666667	12.966666666666667	12.945726495726495	0.392947099197099	4.697008547008546
240	50	140	10	13.0	13.0	12.96153846153846	0.39189976689976674	4.692307692307692
240	50	160	10	13.0	13.0	12.989743589743592	0.3912393162393162	4.692307692307692
240	50	180	10	13.0	13.0	12.994871794871793	0.39114219114219106	4.692307692307692
240	50	200	10	13.0	13.0	12.997435897435897	0.39104506604506606	4.692307692307692
240	50	220	10	13.0	13.0	12.982051282051282	0.39164724164724163	4.692307692307692
240	50	240	10	13.0	13.0	13.0	0.3910256410256409	4.692307692307692
240	50	260	10	13.0	13.0	13.0	0.3910256410256409	4.692307692307692
240	50	280	10	13.0	13.0	13.0	0.3910256410256409	4.692307692307692
240	50	20	10	10.733333333333333	6.7	12.242248677248678	0.7192247975789641	8.098849206349207
240	50	40	10	12.266666666666667	11.133333333333333	12.356727346727348	0.4868559725908211	5.472644947644948
240	50	60	10	12.666666666666666	12.4	12.618247863247865	0.4311748693225966	4.973745143745145
240	50	80	10	12.9	12.866666666666667	12.822863247863248	0.4086065786065787	4.809984459984461
240	50	100	10	13.0	13.0	12.917948717948718	0.400971250971251	4.769230769230771
240	50	120	10	13.0	13.0	12.956410256410258	0.3997280497280498	4.769230769230771
240	50	140	10	13.0	13.0	12.976923076923077	0.3984071484071486	4.769230769230771
240	50	160	10	13.0	13.0	12.96923076923077	0.398873348873349	4.769230769230771
240	50	180	10	13.0	13.0	12.994871794871793	0.3976301476301478	4.769230769230771
240	50	200	10	13.0	13.0	12.976923076923079	0.39865967365967386	4.769230769230771
240	50	220	10	13.0	13.0	12.99230769230769	0.3978438228438231	4.769230769230771
240	50	240	10	13.0	13.0	12.976923076923077	0.39846542346542363	4.769230769230771
240	50	260	10	13.0	13.0	13.0	0.39743589743589763	4.769230769230771
240	50	280	10	13.0	13.0	13.0	0.39743589743589763	4.769230769230771
240	50	20	10	10.733333333333333	6.533333333333333	12.405663780663781	0.9995216268019299	11.407212602212605
240	50	40	10	12.033333333333333	11.166666666666666	12.40170227920228	0.6233838020845598	7.053074980574982
240	50	60	10	12.733333333333333	12.566666666666666	12.604856254856255	0.5522644569235478	6.353729603729607
240	50	80	10	12.966666666666667	12.966666666666667	12.817521367521367	0.5237723387723388	6.165384615384619
240	50	100	10	13.0	13.0	12.892307692307694	0.5191763791763792	6.153846153846158
240	50	120	10	13.0	13.0	12.979487179487178	0.5138500388500389	6.153846153846158
240	50	140	10	13.0	13.0	12.964102564102564	0.5147630147630148	6.153846153846158
240	50	160	10	13.0	13.0	12.966666666666665	0.5145493395493396	6.153846153846158
240	50	180	10	13.0	13.0	12.976923076923077	0.5141608391608391	6.153846153846158
240	50	200	10	13.0	13.0	12.98974358974359	0.5133255633255633	6.153846153846158
240	50	220	10	13.0	13.0	12.989743589743588	0.5133644133644133	6.153846153846158
240	50	240	10	13.0	13.0	12.997435897435897	0.512995337995338	6.153846153846158
240	50	260	10	13.0	13.0	13.0	0.5128205128205128	6.153846153846158
240	50	280	10	13.0	13.0	13.0	0.5128205128205128	6.153846153846158
240	50	20	10	10.433333333333334	6.9	12.322050264550263	0.4752351223879	5.404113756613757
240	50	40	10	12.3	11.0	12.433247863247862	0.35517085383752034	4.083918026418027
240	50	60	10	12.866666666666667	12.866666666666667	12.740811965811966	0.3052299706466373	3.599999999999999
240	50	80	10	12.966666666666667	12.966666666666667	12.829914529914527	0.3046302771302771	3.6115384615384603
240	50	100	10	13.0	13.0	12.897435897435896	0.30335664335664336	3.615384615384614
240	50	120	10	13.0	13.0	12.951282051282051	0.301942501942502	3.615384615384614
240	50	140	10	12.966666666666667	12.966666666666667	12.964102564102564	0.30156759906759895	3.6115384615384603
240	50	160	10	13.0	13.0	12.98205128205128	0.3017871017871017	3.615384615384614
240	50	180	10	13.0	13.0	12.984615384615385	0.3014374514374513	3.615384615384614
240	50	200	10	13.0	13.0	12.96923076923077	0.3017482517482517	3.615384615384614
240	50	220	10	13.0	13.0	12.984615384615383	0.3014374514374513	3.615384615384614
240	50	240	10	13.0	13.0	12.98974358974359	0.3013597513597513	3.615384615384614
240	50	260	10	13.0	13.0	13.0	0.30128205128205116	3.615384615384614
240	50	280	10	13.0	13.0	12.997435897435897	0.3013014763014762	3.615384615384614
240	50	20	10	17.766666666666666	7.566666666666666	17.644060846560844	0.8283714676800452	11.929801587301588
240	50	40	10	21.6	11.5	20.71453213453213	0.5918314922749366	9.277775372775372
240	50	60	10	24.6	14.033333333333333	22.026287707390654	0.5155167345518658	8.699070374070374
240	50	80	10	26.5	15.533333333333333	24.031936633627815	0.46808013035074364	8.375157952069719
240	50	100	10	27.9	17.733333333333334	25.55526527582811	0.41784692405199453	7.7826467107310755
240	50	120	10	30.7	18.866666666666667	27.36726872149826	0.4161081984714718	8.192739579304897
240	50	140	10	31.566666666666666	19.933333333333334	29.021941701708997	0.3911584549146644	7.946604424158772
240	50	160	10	31.433333333333334	20.833333333333332	29.3131081110252	0.37737076234024886	7.625200043885062
240	50	180	10	31.7	21.966666666666665	30.892959449525826	0.35005337290762595	7.257766439820597
240	50	200	10	33.4	22.9	31.312309378260377	0.3508124983649167	7.408059069528452
240	50	220	10	33.266666666666666	23.533333333333335	32.22799965132923	0.3363329036213161	7.190093774534488
240	50	240	10	35.53333333333333	24.9	32.54695812875373	0.3337119212789055	7.175185197694194
240	50	260	10	34.96666666666667	25.533333333333335	33.18272559986643	0.3190882802598395	6.8516247111991015
240	50	280	10	34.7	25.1	33.32663741813742	0.32165342948915326	6.997199539054612
240	50	20	10	16.533333333333335	7.5	17.123624338624335	0.682181085908801	9.982050264550262
240	50	40	10	19.966666666666665	10.933333333333334	19.686971639471633	0.5338274154049892	8.299355736855736
240	50	60	10	24.2	13.266666666666667	21.759253246753246	0.47612519453896307	8.173001165501168
240	50	80	10	27.133333333333333	14.833333333333334	24.87389134286194	0.44688985252745483	8.289946072446073
240	50	100	10	27.033333333333335	16.533333333333335	26.142168335620347	0.38985639297882824	7.203799662240064
240	50	120	10	29.666666666666668	17.466666666666665	28.477897931102266	0.38267333459757974	7.671611709011089
240	50	140	10	29.666666666666668	17.933333333333334	28.558436247785757	0.3777133388657452	7.472465166717589
240	50	160	10	32.56666666666667	18.666666666666668	30.775729475365022	0.375113167460345	7.877658965187907
240	50	180	10	33.266666666666666	20.066666666666666	30.96667361215947	0.36103315164678024	7.591425030630429
240	50	200	10	31.766666666666666	20.4	31.261384947213294	0.33674021240962604	7.092141608833626
240	50	220	10	32.766666666666666	21.733333333333334	31.684085825762786	0.32377730509494695	6.848005928303412
240	50	240	10	33.56666666666667	21.933333333333334	32.89159241237616	0.31782761270847293	6.9406419569074025
240	50	260	10	35.1	23.533333333333335	33.3777068012785	0.31429431228404564	6.88995966976211
240	50	280	10	35.5	23.4	33.546249487061324	0.3163468691028876	6.964624841259025
240	50	20	10	15.166666666666666	7.133333333333334	17.404973544973544	0.6862831343334883	10.340039682539684
240	50	40	10	23.0	11.7	20.603767667517676	0.5710653022603771	9.62341464091464
240	50	60	10	24.133333333333333	14.8	22.018330398961208	0.4706794818061343	7.953960947892837
240	50	80	10	27.166666666666668	16.1	23.83029826497319	0.4573800847542608	8.253458378566737
240	50	100	10	26.866666666666667	16.733333333333334	24.608471516586846	0.42974107755042545	7.663057341695112
240	50	120	10	30.333333333333332	18.933333333333334	26.665053848227227	0.40453594335980025	7.761305099126306
240	50	140	10	31.2	19.7	28.26350650143792	0.3836581209334465	7.542077866396079
240	50	160	10	33.43333333333333	21.166666666666668	29.01767361179127	0.37314048412967343	7.493651266861792
240	50	180	10	32.13333333333333	21.266666666666666	30.58171227384662	0.3505034094682708	7.175852545750715
240	50	200	10	31.833333333333332	21.833333333333332	31.08647243548045	0.33615922255527414	6.897057730514251
240	50	220	10	34.36666666666667	23.1	31.895581017372027	0.33214320030435157	7.015955723980027
240	50	240	10	35.53333333333333	23.4	31.81820025931354	0.3375081158291758	7.223664533068425
240	50	260	10	37.233333333333334	24.766666666666666	32.413676502602286	0.3248915536872474	7.031144778158522
240	50	280	10	35.8	25.5	32.42886591668277	0.3084612809895927	6.590816088246623
240	50	20	10	13.633333333333333	7.833333333333333	15.639491341991341	0.5787128274783275	7.377409812409813
240	50	40	10	18.966666666666665	11.566666666666666	17.49825507825508	0.5440936190525572	7.573171643171643
240	50	60	10	20.466666666666665	13.966666666666667	19.0668835739424	0.462104332536467	6.707946293902176
240	50	80	10	22.833333333333332	15.233333333333333	20.798628737819914	0.44468114436180006	6.9887442241854005
240	50	100	10	23.9	15.7	23.396255237137588	0.42384138014003914	7.163921329215447
240	50	120	10	24.166666666666668	16.333333333333332	24.730032495454328	0.4070142121191865	7.129577989090373
240	50	140	10	25.066666666666666	17.333333333333332	25.220967881304563	0.3845662790935091	6.918074004455584
240	50	160	10	25.766666666666666	17.633333333333333	26.29456590823464	0.38542548927665415	7.148289883204745
240	50	180	10	28.233333333333334	19.166666666666668	26.79938701331721	0.38409994037218353	7.291371066004934
240	50	200	10	27.033333333333335	19.266666666666666	28.437319889551183	0.35567385368732557	6.944020797233208
240	50	220	10	27.9	19.733333333333334	28.769596417109707	0.35672498712288025	7.052861905354335
240	50	240	10	30.566666666666666	21.3	29.069296811159113	0.3553049301870718	7.19301875115208
240	50	260	10	27.966666666666665	20.866666666666667	29.41947468114213	0.3369642837128414	6.668811063962834
240	50	280	10	28.766666666666666	21.1	29.694270281350647	0.3391482872926627	6.772748056299005
240	50	20	10	15.066666666666666	7.1	18.940839345839343	0.7718136581010164	11.547296777296776
240	50	40	10	17.633333333333333	11.366666666666667	19.065017945017942	0.6052116577773338	8.304965636215638
240	50	60	10	21.366666666666667	14.433333333333334	22.289634687208213	0.4933383535809401	7.695114468864469
240	50	80	10	23.366666666666667	15.8	23.370935402603365	0.4739899797669539	7.776421025082016
240	50	100	10	22.4	16.733333333333334	24.770701159006112	0.41916232443228835	6.994260780785548
240	50	120	10	25.8	18.1	28.24906406315849	0.3935456852584833	7.335414611618171
240	50	140	10	25.633333333333333	18.933333333333334	29.36320804797198	0.36551742905259954	6.862258330764522
240	50	160	10	26.066666666666666	19.4	28.907493397784425	0.3624010579890602	6.912912332450259
240	50	180	10	27.5	19.966666666666665	30.22386124220624	0.35779737591773336	7.062856402806598
240	50	200	10	28.833333333333332	20.8	31.674419044880274	0.347385090286879	7.191493804197127
240	50	220	10	28.7	21.733333333333334	31.675452991445525	0.32665149284060213	6.683904689065143
240	50	240	10	28.233333333333334	22.033333333333335	31.870050401035538	0.31592413148668574	6.510596225412016
240	50	260	10	28.833333333333332	22.1	32.736145956151205	0.3114940581311497	6.583053677563369
240	50	280	10	30.4	22.333333333333332	33.49040816200346	0.31753815107518896	6.919324837090889
240	50	20	10	14.7	7.066666666666666	17.94421957671958	0.8094633365933145	10.895183982683982
240	50	40	10	21.5	11.366666666666667	19.864287009287015	0.6201369598418087	9.211688496688497
240	50	60	10	22.1	13.466666666666667	20.840038002932737	0.5175070066498588	7.826608861411493
240	50	80	10	23.666666666666668	15.3	22.481019416313533	0.47023288055031903	7.304829560704175
240	50	100	10	23.466666666666665	15.833333333333334	24.692474442768557	0.41411201973590045	6.964805028849147
240	50	120	10	25.633333333333333	16.866666666666667	26.63094364713947	0.39908498711510365	7.17245581115937
240	50	140	10	28.333333333333332	18.466666666666665	28.645692355889725	0.37423178540127106	7.228872876636035
240	50	160	10	27.366666666666667	19.233333333333334	29.175226876236938	0.34708750719120296	6.69639071683963
240	50	180	10	29.1	19.833333333333332	30.78561567593776	0.33480329285559723	6.8482005027099255
240	50	200	10	29.6	20.066666666666666	31.491176201745287	0.3337431194581916	6.976348702363778
240	50	220	10	29.5	21.5	31.052582442564532	0.3135381000434077	6.385297685623032
240	50	240	10	30.4	21.5	31.800567830974007	0.3176020779274618	6.660030486294789
240	50	260	10	30.8	22.5	31.88309996778732	0.3054548022780913	6.432503248418632
240	50	280	10	29.866666666666667	23.133333333333333	32.44135808710599	0.2861661350660641	6.017048873125912
240	50	20	10	12.233333333333333	5.4	24.3262037037037	0.8428631867205592	14.457539682539682
240	50	40	10	18.466666666666665	8.7	27.22859547859548	0.661956023278242	12.975037277537274
240	50	60	10	21.233333333333334	10.166666666666666	30.748930976430984	0.6039428567323112	12.729935064935065
240	50	80	10	22.0	11.5	31.47299145299145	0.5475037344820203	11.654470344470344
240	50	100	10	25.033333333333335	13.4	33.29058883382413	0.5138265889909975	11.438637713049477
240	50	120	10	25.866666666666667	13.9	34.84561084340496	0.49472214788758223	11.381107854563737
240	50	140	10	28.233333333333334	15.6	35.82365590635714	0.4714803156460054	11.010403502156601
240	50	160	10	27.6	15.933333333333334	36.567058685352016	0.45648159331619476	10.692602405191417
240	50	180	10	28.733333333333334	17.933333333333334	36.35960315040423	0.4218322526641673	9.818071826550927
240	50	200	10	29.533333333333335	19.366666666666667	36.366005835440994	0.4056885100088926	9.341711036435932
240	50	220	10	29.6	19.833333333333332	36.43660073725458	0.39588250711187833	9.110950099556112
240	50	240	10	30.066666666666666	19.966666666666665	37.431549135406655	0.3902294444896779	9.221189852359593
240	50	260	10	30.233333333333334	20.4	36.73952663460787	0.38997628220955455	9.058612110302615
240	50	280	10	29.733333333333334	21.033333333333335	36.416954380871864	0.3764857958362404	8.62804819799809
240	50	20	10	12.4	5.1	22.35793650793651	0.7746516996208593	13.122619047619047
240	50	40	10	17.2	7.933333333333334	28.970477392977397	0.5531484958581193	11.62185185185185
240	50	60	10	19.3	9.466666666666667	29.650589133089138	0.49883819924161144	10.477038887038889
240	50	80	10	23.0	11.166666666666666	33.478598993598986	0.48768066404998456	11.239108206608204
240	50	100	10	24.3	12.9	33.53559491434491	0.45625681559187276	10.391076238576238
240	50	120	10	25.1	14.3	34.712221834895985	0.41953565094426837	9.636364891415203
240	50	140	10	26.9	15.833333333333334	35.204656352562694	0.3997774383823368	9.350245225763802
240	50	160	10	28.233333333333334	16.933333333333334	35.80486868724098	0.391089447964499	9.188194301112256
240	50	180	10	28.333333333333332	17.8	36.49746419673664	0.37048241075119953	8.755559715911884
240	50	200	10	29.566666666666666	18.366666666666667	36.68127178058426	0.3770921572358251	8.974774267830702
240	50	220	10	29.7	19.733333333333334	36.20863634914937	0.356206085496357	8.335745114274358
240	50	240	10	29.666666666666668	20.333333333333332	37.24195590192252	0.33082765742308656	7.923765594169619
240	50	260	10	30.3	21.466666666666665	37.38370731955958	0.322764329297742	7.751852958884593
240	50	280	10	31.333333333333332	21.766666666666666	36.77691070667616	0.32973566523108594	7.858893539717338
240	50	20	10	15.933333333333334	4.9	24.03444444444445	0.8764440337319291	16.80675925925926
240	50	40	10	23.4	8.1	28.41869408369409	0.7081418792329311	14.944231601731605
240	50	60	10	28.366666666666667	10.8	30.74638389388389	0.6109233938759169	13.369979002479
240	50	80	10	31.466666666666665	11.8	32.717348484848486	0.5944379201525821	13.647723665223664
240	50	100	10	32.333333333333336	14.2	33.80563764666706	0.4877349334491948	11.13653935933348
240	50	120	10	35.4	15.566666666666666	34.14570116430411	0.4899611198666414	11.343160877793233
240	50	140	10	36.0	16.933333333333334	35.60290383299166	0.43637682781110715	10.38463101419253
240	50	160	10	38.63333333333333	18.5	36.52027340812894	0.42680313468449177	10.369621368078933
240	50	180	10	39.13333333333333	19.033333333333335	36.83914456744953	0.411733506407618	10.038890156541084
240	50	200	10	41.06666666666667	21.3	37.390153449123545	0.3893363011860533	9.573889951544663
240	50	220	10	41.3	22.266666666666666	37.009423683554665	0.373605643662593	9.055936817262927
240	50	240	10	42.266666666666666	23.466666666666665	37.862568594145635	0.3576550478263044	8.813062923036227
240	50	260	10	42.166666666666664	24.233333333333334	37.69709161553783	0.34779697473213067	8.553645991608569
240	50	280	10	42.03333333333333	25.533333333333335	37.63622027706397	0.3351691186021386	8.106974873623338
240	50	20	10	13.466666666666667	5.3	23.81730158730159	0.8951008167570649	15.86718253968254
240	50	40	10	18.966666666666665	7.4	27.235132275132266	0.7774210256899912	15.640098605098606
240	50	60	10	23.633333333333333	9.633333333333333	28.363093480593477	0.7335528749189683	14.790396640396642
240	50	80	10	26.766666666666666	11.033333333333333	30.204061309061313	0.6921299915137594	14.676809024309021
240	50	100	10	26.6	12.133333333333333	31.76498108373109	0.6247721613708748	13.418043345543342
240	50	120	10	27.7	13.633333333333333	34.1520427938075	0.534813241977064	12.198630533409945
240	50	140	10	31.066666666666666	15.6	34.16466194208841	0.5162369474779598	11.779238835210197
240	50	160	10	32.13333333333333	17.1	35.466783683579344	0.48467914401256357	11.278021069419307
240	50	180	10	33.333333333333336	18.233333333333334	35.153414311810295	0.4641417765193227	10.814356765450786
240	50	200	10	37.333333333333336	19.6	36.41581432017319	0.46532793770438957	11.159024852893474
240	50	220	10	36.36666666666667	19.2	37.47811574309589	0.45080497334028635	11.115672463146549
240	50	240	10	36.86666666666667	21.3	36.69088150954054	0.422424634845083	10.179970878643749
240	50	260	10	38.46666666666667	22.6	36.84891578584142	0.41504461766712486	9.906093555327345
240	50	280	10	38.06666666666667	23.166666666666668	37.19427446898034	0.40021462476772296	9.647247651340669
240	50	20	10	8.533333333333333	4.8	11.499960317460317	0.6104352290773858	7.237222222222223
240	50	40	10	11.333333333333334	7.333333333333333	12.463968253968256	0.5372379973359038	6.552526455026455
240	50	60	10	12.733333333333333	8.466666666666667	14.515925925925929	0.5151534111964792	6.649140211640211
240	50	80	10	15.266666666666667	9.7	14.47675925925926	0.5411788198952643	7.060084175084176
240	50	100	10	18.266666666666666	10.133333333333333	15.940867003367002	0.5773760179041051	8.118829966329967
240	50	120	10	19.166666666666668	10.433333333333334	17.523337218337222	0.5780930916804468	8.428515928515928
240	50	140	10	18.8	11.1	18.840925740925744	0.5196899961763677	7.730643384393384
240	50	160	10	18.933333333333334	11.1	18.02897065897066	0.5326805189315079	7.723111703111702
240	50	180	10	21.233333333333334	12.0	21.20785395160395	0.5188650974694133	8.269091602841605
240	50	200	10	20.133333333333333	12.2	20.11933772110243	0.4989740684833414	7.6842267373149715
240	50	220	10	21.666666666666668	12.8	21.38344294594295	0.49542344110282505	7.963071234321234
240	50	240	10	20.933333333333334	12.733333333333333	21.160289318524615	0.48570474827900123	7.675742998831237
240	50	260	10	22.766666666666666	13.4	22.127261439540856	0.49208514377174867	8.006843662873075
240	50	280	10	22.3	14.333333333333334	22.533317703538287	0.44279124408730525	7.227093233563822
////////////////////////////////////////////////////////////////////////////////////////////////////
240	24	20	10	14.266666666666667	2.8666666666666667	NaN	NaN	NaN
240	24	40	10	16.933333333333334	4.633333333333334	58.28460317460319	0.6064448388388352	19.317380952380955
240	24	60	10	19.733333333333334	7.666666666666667	60.18149406149405	0.44020347368474794	13.833933566433565
240	24	80	10	21.466666666666665	9.5	60.85442520442521	0.387267366148258	11.965522625522626
240	24	100	10	21.133333333333333	12.733333333333333	58.50760002581985	0.30265731930086076	8.895955546001984
240	24	120	10	22.266666666666666	13.9	59.911581946175595	0.27945760766254646	8.350447369537925
240	24	140	10	23.0	15.133333333333333	59.35654130455602	0.26881262407810586	7.9580110548492895
240	24	160	10	22.7	16.266666666666666	59.63221026708643	0.24832533603878926	7.295179219931541
240	24	180	10	23.133333333333333	16.966666666666665	58.96104494991878	0.24649677560903316	7.0820701152705805
240	24	200	10	23.4	18.033333333333335	57.53810578324897	0.23642418520998904	6.754305780791849
240	24	220	10	23.633333333333333	18.8	58.622139956992896	0.22714973593213156	6.567765311600449
240	24	240	10	23.6	18.533333333333335	56.64449026979212	0.23560916046886604	6.600651731452813
240	24	260	10	23.6	19.166666666666668	56.76765275115894	0.22897588618175999	6.4206393229806515
240	24	280	10	23.766666666666666	19.933333333333334	56.76959925065187	0.22378020304373408	6.179773803194854
240	20	20	0	0.0	0.0	NaN	NaN	NaN
240	20	20	0	0.0	0.0	NaN	NaN	NaN
240	20	20	10	9.166666666666666	2.7666666666666666	NaN	NaN	NaN
240	20	40	10	11.366666666666667	4.4	46.697380952380946	0.5539935990096673	15.916111111111114
240	20	60	10	14.133333333333333	5.9	48.36821428571429	0.46627144406565685	13.475939153439151
240	20	80	10	16.133333333333333	8.333333333333334	50.12704785954786	0.33466527168222515	9.569695767195766
240	20	100	10	15.5	8.4	48.9638455988456	0.3418376445947227	9.71278018278018
240	20	120	10	17.133333333333333	9.866666666666667	50.226612831612826	0.30089654328809146	8.518811188811188
240	20	140	10	17.3	10.066666666666666	50.83757381507381	0.29408777967651056	8.388632478632479
240	20	160	10	17.566666666666666	10.566666666666666	50.01498982498982	0.2870195671090419	8.030904928404928
240	20	180	10	17.9	11.666666666666666	50.60335812335813	0.2655419558590301	7.389075184075183
240	20	200	10	17.933333333333334	11.5	51.035596625596625	0.2713524490633538	7.5279392829392835
240	20	220	10	17.966666666666665	12.133333333333333	50.28588966588966	0.25806234252044136	7.088085248085248
240	20	240	10	18.3	12.133333333333333	50.63773837273838	0.26014144345469536	7.231456876456876
240	20	260	10	18.633333333333333	13.3	50.487785825285826	0.244318376369387	6.646271228771227
240	20	280	10	17.9	12.633333333333333	50.03907092907093	0.24895064685082513	6.732282162282163
240	20	20	10	3.6	1.0333333333333334	NaN	NaN	NaN
240	20	40	10	5.866666666666666	2.2	39.41555555555555	0.6021530940017974	15.488888888888887
240	20	60	10	7.7	3.3333333333333335	39.20166666666667	0.5368420085941991	13.749444444444446
240	20	80	10	8.433333333333334	3.466666666666667	39.89666666666667	0.5282731720067846	13.785555555555554
240	20	100	10	9.533333333333333	4.5	NaN	NaN	NaN
240	20	120	10	9.633333333333333	5.2	38.89728835978836	0.4196312351205171	10.741203703703706
240	20	140	10	10.533333333333333	5.6	39.45829365079365	0.4260771456313168	10.926746031746033
240	20	160	10	10.966666666666667	6.133333333333334	39.43624699374699	0.40817444226632477	10.465539923039923
240	20	180	10	11.0	6.666666666666667	39.21973304473305	0.3711713784118163	9.420487012987014
240	20	200	10	11.633333333333333	7.1	39.19772486772488	0.3561376776015975	9.051084656084656
240	20	220	10	12.166666666666666	7.966666666666667	39.59957190957191	0.334640614534413	8.50487974987975
240	20	240	10	12.3	7.666666666666667	39.74021164021165	0.35948482599637394	9.179219576719577
240	20	260	10	12.5	8.2	39.64820707070707	0.34088288343665574	8.63756253006253
240	20	280	10	12.7	8.633333333333333	39.664422799422795	0.3274756958397205	8.31101370851371
240	1	20	10	0.0	0.0	NaN	NaN	NaN
240	1	40	10	0.0	0.0	NaN	NaN	NaN
240	1	60	10	0.0	0.0	NaN	NaN	NaN
240	1	80	10	0.0	0.0	NaN	NaN	NaN
240	1	100	10	0.0	0.0	NaN	NaN	NaN
240	1	120	10	0.0	0.0	NaN	NaN	NaN
240	1	140	10	0.0	0.0	NaN	NaN	NaN
240	1	160	10	0.0	0.0	NaN	NaN	NaN
240	1	180	10	0.0	0.0	NaN	NaN	NaN
240	1	200	10	0.0	0.0	NaN	NaN	NaN
240	1	220	10	0.0	0.0	NaN	NaN	NaN
240	1	240	10	0.0	0.0	NaN	NaN	NaN
240	1	260	10	0.0	0.0	NaN	NaN	NaN
240	1	280	10	0.0	0.0	NaN	NaN	NaN
240	1	20	0	0.0	0.0	NaN	NaN	NaN
240	1	20	0	0.0	0.0	NaN	NaN	NaN
240	1	20	0	0.0	0.0	NaN	NaN	NaN
240	1	20	0	0.0	0.0	NaN	NaN	NaN
240	1	20	0	0.0	0.0	NaN	NaN	NaN
240	1	20	0	0.0	0.0	NaN	NaN	NaN
240	1	20	0	0.0	0.0	NaN	NaN	NaN
240	1	20	0	0.0	0.0	NaN	NaN	NaN
240	1	20	0	0.0	0.0	NaN	NaN	NaN
240	1	20	0	0.0	0.0	NaN	NaN	NaN
240	2	20	0	0.0	0.0	NaN	NaN	NaN
240	2	20	0	0.0	0.0	NaN	NaN	NaN
