44.332514	11.1406356	1333476018000
44.2309039	11.0573226	1333476072000
44.4023014	11.5418739	1333476118000
44.2402403	11.5107728	1333476156000
44.1937044	11.2909515	1333476202000
44.5259868	11.2965837	1333476207000
44.5044636	11.3507396	1333476256000
44.5227635	11.3373372	1333476274000
44.5694356	11.3000868	1333476327000
44.1359989	11.1658679	1333476356000
44.4199538	11.4744953	1333476391000
44.2622766	11.4570479	1333476406000
44.4889046	11.4569639	1333476438000
44.4893496	11.6394597	1333476455000
44.6401151	11.1646605	1333476461000
44.3114814	11.1440128	1333476509000
44.2244911	11.3028384	1333476517000
44.1467826	10.9040784	1333476552000
44.1785567	11.2251049	1333476591000
44.116045	10.8660234	1333476597000
