44.2365621	11.5323796	1333476054000
44.584878	11.4835935	1333476095000
44.5371327	11.2335193	1333476102000
44.4930487	11.4603373	1333476140000
44.5034099	11.3349566	1333476157000
44.4310243	11.6752652	1333476189000
44.6239689	11.559441	1333476219000
44.4908988	11.2313795	1333476253000
44.2586028	11.1590533	1333476290000
44.3645346	11.1838448	1333476340000
44.4998603	11.292034	1333476372000
44.1398728	11.0120423	1333476400000
44.275363	11.2379431	1333476414000
44.5065309	11.3309378	1333476466000
44.2621874	11.5583399	1333476509000
44.5680529	11.2836953	1333476559000
44.4813724	11.3698968	1333476595000
44.4238783	11.5579178	1333476623000
44.499511	11.3674266	1333476644000
44.3977179	11.1746648	1333476650000
44.636007	11.3011384	1333476688000
44.4582034	11.3798857	1333476715000
44.2254067	11.2846778	1333476735000
44.1904879	10.9376407	1333476758000
44.360361	11.4830671	1333476776000
44.1579662	10.979006	1333476822000
44.2459207	11.5549249	1333476865000
44.4920806	11.2059227	1333476872000
44.1716268	10.8345823	1333476908000
44.3722657	11.6991519	1333476949000
44.1769402	11.5196402	1333477000000
44.3685863	11.0949557	1333477026000
44.6260941	11.6700149	1333477066000
44.479015	11.2710891	1333477082000
44.4727725	11.4287121	1333477114000
44.3519042	11.412219	1333477164000
44.359254	11.137122	1333477197000
44.4776504	11.4514158	1333477238000
44.3013513	11.2773622	1333477276000
44.179479	11.2654686	1333477326000
44.422678	11.1890814	1333477346000
44.1191053	10.8211044	1333477359000
44.4557046	11.227345	1333477380000
44.5536568	11.3533142	1333477424000
44.3265422	11.2448141	1333477440000
44.6401823	11.1721074	1333477488000
44.3623326	11.7726539	1333477533000
44.4294779	11.7849933	1333477556000
44.4143264	11.5946214	1333477563000
44.5712987	11.3533187	1333477596000
44.5648563	11.3656779	1333477614000
44.5311773	11.5421359	1333477628000
44.2263929	11.1289191	1333477677000
44.528759	11.2954742	1333477714000
44.5089915	11.2911002	1333477733000
44.4861064	11.3879617	1333477770000
44.5306608	11.5545938	1333477809000
44.4730846	11.2123995	1333477845000
44.4955842	11.4043978	1333477854000
44.459756	11.4368863	1333477895000
