44.1566817	10.971603	1333476027000
44.4708199	11.6299078	1333476044000
44.193501	11.0427344	1333476095000
44.4378641	11.4692513	1333476100000
44.2633414	11.3222307	1333476151000
44.3567638	11.6922114	1333476161000
44.1974808	11.1163866	1333476203000
44.3735836	11.2824662	1333476239000
44.3802794	11.0742153	1333476276000
44.5027658	11.390772	1333476320000
44.4734771	11.0918773	1333476346000
44.5092798	11.3993404	1333476366000
44.509371	11.2846532	1333476420000
44.3179391	11.0854035	1333476446000
44.1427271	11.1458479	1333476497000
44.2197941	11.3188455	1333476502000
44.5412699	11.5446649	1333476530000
44.234429	11.3215158	1333476545000
44.5529784	11.3435574	1333476589000
44.5236474	11.2436281	1333476609000
44.4914898	11.2936315	1333476624000
44.3667129	11.6976262	1333476645000
44.2224962	10.9664541	1333476653000
44.1688531	10.8640013	1333476691000
44.5255621	11.5258757	1333476698000
44.615458	11.2588882	1333476732000
44.657011	11.2748486	1333476765000
44.4042318	11.2657181	1333476770000
44.4817968	11.3778667	1333476818000
44.5155715	11.4043679	1333476868000
44.1873359	11.2261319	1333476893000
44.2626324	11.4375702	1333476918000
44.2439347	11.3473907	1333476932000
44.5292378	11.3607771	1333476945000
44.2371224	11.5125601	1333476966000
44.1020948	11.1070765	1333476977000
44.5310242	11.0944099	1333477015000
44.5246357	11.3150444	1333477033000
44.5672351	11.1981068	1333477040000
44.4731597	11.0924966	1333477085000
44.5551673	11.47858	1333477126000
44.1838078	11.1337077	1333477136000
44.2777164	11.6575793	1333477188000
44.1405552	11.1642255	1333477203000
44.3651902	11.2701604	1333477225000
44.4767212	11.6450765	1333477253000
44.3304947	11.4949445	1333477268000
44.2008838	11.0586634	1333477318000
44.3624841	11.2167464	1333477371000
44.3885094	11.1202353	1333477376000
44.3017027	11.2450225	1333477386000
44.5656885	11.2738379	1333477429000
44.326148	11.3880777	1333477460000
44.4873785	11.3605709	1333477479000
44.4955361	11.2413201	1333477530000
44.2767504	11.2013255	1333477570000
44.4424263	11.4755418	1333477604000
44.4813688	11.2584696	1333477632000
44.2725633	11.2886704	1333477657000
44.3413994	11.2051539	1333477667000
44.5354055	11.3456174	1333477718000
44.5606294	11.4375475	1333477754000
12.1378973	-86.2763193	1333477799000
44.2407353	11.0453955	1333477806000
44.2122307	11.3863101	1333477818000
44.724814	11.405295	1333477842000
44.403189	11.2195835	1333477851000
44.1892291	11.2212244	1333477861000
44.1908119	10.8549508	1333477896000
44.6207915	11.4573943	1333477932000
44.3678395	11.7041981	1333477971000
44.3274288	11.6965194	1333477990000
44.1690748	11.2161451	1333478022000
44.3185497	11.1275233	1333478027000
44.1619491	10.9834574	1333478068000
44.2813884	11.6453384	1333478082000
44.4471699	11.1615356	1333478087000
44.1254209	10.9594751	1333478092000
44.7089834	11.3075709	1333478144000
44.4895149	11.3144968	1333478187000
44.509691	11.5185235	1333478199000
44.4848933	11.2752324	1333478232000
44.5395469	11.3515561	1333478246000
44.2252851	11.2570038	1333478254000
44.2728978	11.5861478	1333478293000
44.4384273	11.6064195	1333478304000
44.4819402	11.3872014	1333478348000
44.4078502	11.4278191	1333478355000
44.4286494	11.241706	1333478406000
44.3150021	11.6242859	1333478432000
44.2722171	11.3931871	1333478451000
44.444836	11.4435083	1333478486000
44.5692654	11.3540362	1333478512000
44.3059815	11.4513241	1333478524000
44.4326726	11.4071908	1333478572000
44.4331514	11.6764575	1333478599000
44.2759417	11.3743507	1333478623000
44.6487893	11.3739576	1333478670000
44.5015128	11.3571332	1333478683000
44.3667941	11.1216799	1333478712000
