44.4533982	11.2048222	1333476021000
44.1495457	11.1412643	1333476043000
44.4584877	11.432935	1333476094000
44.5521563	11.5074853	1333476103000
44.5288429	11.3667441	1333476122000
44.5367537	11.3526894	1333476159000
44.41377	11.364959	1333476198000
44.2724194	11.0379821	1333476214000
44.1371389	10.8725648	1333476256000
44.2121297	11.3218465	1333476262000
44.1999791	11.29924	1333476276000
44.2517008	11.2583894	1333476288000
44.2029795	11.3142487	1333476330000
44.1440269	10.8551135	1333476343000
44.3423511	11.681444	1333476380000
44.3587165	11.6272187	1333476419000
44.3366803	11.7097425	1333476449000
44.4459405	10.9998679	1333476496000
44.1303194	11.2029136	1333476546000
44.5715326	11.5486092	1333476568000
44.2733757	11.5351363	1333476605000
44.663752	11.5465811	1333476645000
44.4208675	11.6391134	1333476663000
44.1689551	11.0905875	1333476717000
44.2884701	11.3366051	1333476744000
44.4945462	11.6257753	1333476795000
44.3723287	11.0202443	1333476830000
44.3243316	11.3565481	1333476876000
44.5630495	11.3640581	1333476930000
44.7148156	11.3041045	1333476942000
44.5179072	11.2652306	1333476978000
44.3128181	11.1665903	1333477008000
44.4846947	11.2584145	1333477042000
44.1338156	10.9711872	1333477058000
44.2425735	11.5859336	1333477083000
44.1982754	11.1024089	1333477102000
44.3306805	11.6950717	1333477126000
44.4934586	11.3164801	1333477169000
44.3833808	11.7336424	1333477178000
44.2408168	11.2570532	1333477184000
44.5381484	11.345643	1333477212000
44.1132893	11.0176587	1333477246000
44.261212	11.6157862	1333477268000
44.2596361	11.5553153	1333477278000
44.2736486	11.4503759	1333477320000
44.5267122	11.2376018	1333477329000
44.7047728	11.2221736	1333477373000
44.4861455	11.3660532	1333477413000
44.3898885	11.6036036	1333477420000
44.2975824	11.3172623	1333477448000
44.4946693	11.3539877	1333477483000
44.3024534	11.0151324	1333477493000
44.2024845	11.2698892	1333477526000
44.3330895	11.7008677	1333477549000
44.3421132	11.2111296	1333477575000
44.5125488	11.3728652	1333477580000
44.5971526	11.3690051	1333477622000
44.3174027	11.221445	1333477628000
44.3325782	11.2588212	1333477664000
44.1395381	10.9147829	1333477680000
44.4922071	11.3245051	1333477711000
44.5191073	11.3898058	1333477728000
44.3444803	11.5766987	1333477738000
44.1441547	11.1635019	1333477757000
44.2390074	11.0527728	1333477775000
44.5050705	11.3384817	1333477792000
44.179588	11.2654763	1333477811000
44.5143287	11.2681269	1333477828000
44.3463619	11.1918179	1333477861000
44.1608471	11.0059492	1333477914000
44.2938349	11.1553422	1333477942000
44.5169346	11.1145768	1333477951000
44.1062388	10.9602077	1333477992000
44.2318315	11.4437189	1333478018000
44.2794748	11.1726479	1333478039000
44.553049	11.3501885	1333478081000
44.5040692	11.3893432	1333478089000
44.2871459	11.109874	1333478098000
44.5914022	11.5661496	1333478109000
44.3491313	11.7008571	1333478155000
