44.242097	11.2580111	1333476036000
44.349892	11.704772	1333476055000
44.4781122	11.3068344	1333476060000
44.1991566	11.5213333	1333476083000
44.3708289	11.7245186	1333476088000
44.1836145	11.2660452	1333476110000
44.4247749	11.6081062	1333476163000
44.6210166	11.3788941	1333476174000
44.0922162	11.0750351	1333476193000
44.4963383	11.2821816	1333476207000
44.438006	11.4842793	1333476248000
44.2338858	11.3325317	1333476274000
44.687071	11.2420211	1333476301000
44.1639901	10.8770213	1333476328000
44.2961322	11.1939753	1333476340000
44.3646189	11.4904035	1333476390000
44.7136535	11.1525619	1333476432000
44.4914541	11.2193491	1333476481000
44.3961292	11.4617263	1333476510000
44.1983582	11.2426175	1333476561000
44.1907937	10.9536445	1333476578000
44.3176098	11.7295176	1333476603000
44.5600146	11.3017648	1333476648000
44.4854691	11.2682273	1333476659000
44.5975686	11.6068102	1333476706000
44.4940041	11.2880477	1333476751000
44.3633234	11.7804716	1333476771000
44.2395478	11.1412686	1333476804000
44.5253198	11.363798	1333476831000
44.1540955	10.9799893	1333476844000
44.5057408	11.3383694	1333476879000
44.4954609	11.3488821	1333476913000
44.6151712	11.7880575	1333476932000
44.4605447	11.4752192	1333476954000
44.523522	11.2622889	1333476988000
44.4296591	11.2353228	1333477029000
44.3872783	11.2300675	1333477041000
44.4715512	11.25296	1333477050000
44.2865403	11.586353	1333477099000
44.335874	11.2491531	1333477126000
