40.6576247	17.5597556	1333476036000
40.5755385	17.8953069	1333476064000
40.4816906	17.687798	1333476115000
40.8126982	17.4371482	1333476150000
40.7429578	17.609975	1333476180000
40.8050353	17.4235723	1333476214000
40.4176862	17.7553895	1333476245000
40.4212064	17.7669961	1333476259000
40.671089	17.6337234	1333476309000
40.5404881	17.9704273	1333476342000
40.6682663	17.862302	1333476377000
40.6288807	17.9615468	1333476402000
40.5889832	17.9564157	1333476416000
40.8358118	17.3170636	1333476460000
40.4513642	17.5558334	1333476511000
40.5279508	17.8676059	1333476553000
40.6864588	17.7300801	1333476584000
40.4339559	17.8193255	1333476611000
40.5819815	17.4606702	1333476624000
40.5288623	18.0152839	1333476658000
40.7488054	17.4107981	1333476679000
40.6214473	17.8833893	1333476703000
40.7059962	17.6573303	1333476736000
40.4869236	17.5682619	1333476785000
40.8558148	17.4170557	1333476818000
40.8547403	17.3790122	1333476845000
40.8366382	17.324443	1333476898000
40.6055894	17.6513677	1333476903000
40.4135854	17.7028963	1333476954000
40.5257965	17.592861	1333476992000
40.5590625	17.4843837	1333477024000
40.7986272	17.5353062	1333477044000
40.802734	17.4987807	1333477079000
40.6567004	17.8938183	1333477129000
40.7195591	17.502462	1333477139000
40.6181404	17.9329294	1333477154000
40.5404581	17.5603123	1333477175000
40.6222439	17.9537161	1333477219000
40.4885404	18.0507839	1333477253000
40.4995501	17.5905839	1333477260000
