40.6226783	17.9247332	1333476024000
40.5159608	18.0964596	1333476029000
40.6063413	17.7908578	1333476074000
40.5751988	17.8105385	1333476087000
40.5141354	17.5377087	1333476112000
40.7989169	17.5538439	1333476146000
40.4370023	17.760146	1333476163000
40.6480327	17.914701	1333476197000
40.6312896	17.9359887	1333476251000
40.7390598	17.565577	1333476269000
40.7462907	17.4299581	1333476292000
40.5197645	17.898975	1333476313000
40.6179438	17.9575	1333476352000
40.453582	17.8554439	1333476383000
40.6736022	17.7101153	1333476398000
40.4513604	17.8089355	1333476410000
40.773987	17.4286589	1333476449000
40.8806193	17.3860413	1333476470000
40.5692342	17.7380802	1333476510000
40.5457679	17.6876532	1333476548000
40.7715847	17.6042912	1333476593000
40.8304498	17.3607955	1333476611000
40.7336278	17.5799472	1333476635000
40.6464712	17.5160746	1333476670000
40.5807626	17.4783264	1333476690000
40.7335668	17.5164677	1333476713000
40.5514283	17.5151239	1333476731000
40.6550974	17.574379	1333476757000
40.6795133	17.9412047	1333476786000
40.5903747	17.7046231	1333476838000
40.4346337	17.8170414	1333476848000
40.7558129	17.473469	1333476870000
40.6590107	17.4496705	1333476914000
40.6879568	17.8561586	1333476945000
40.873447	17.3571432	1333476950000
40.6483665	17.8634685	1333476997000
40.4985165	17.6563057	1333477011000
40.639382	17.9484221	1333477042000
40.8103802	17.5137892	1333477080000
40.6249151	17.9156178	1333477087000
40.7174608	17.6171884	1333477094000
40.7433391	17.3643281	1333477104000
40.7651247	17.4402626	1333477137000
40.6063692	17.6512919	1333477168000
40.7194408	17.5739622	1333477218000
40.6747596	17.6573379	1333477263000
40.6825554	17.474869	1333477304000
40.6151145	17.744837	1333477335000
40.4649414	17.7262869	1333477343000
40.6213666	17.8926702	1333477358000
40.8523486	17.4265043	1333477411000
40.7550922	17.5725508	1333477416000
40.5744002	17.4758873	1333477449000
40.7605128	17.5310054	1333477469000
40.6726614	17.6527081	1333477516000
40.6466789	17.5185659	1333477530000
40.630072	17.6081843	1333477562000
40.7577935	17.6170508	1333477613000
40.8035789	17.3494204	1333477665000
40.6272749	17.6355549	1333477715000
