40.4906834	17.7593117	1333476051000
40.4575494	17.921491	1333476085000
40.5978143	18.0361582	1333476127000
40.5627057	17.82579	1333476147000
40.6775779	17.6556554	1333476191000
40.6597622	17.7970026	1333476199000
40.6175825	17.9710579	1333476251000
40.7792984	17.4048315	1333476266000
40.4565723	17.6998113	1333476279000
40.4871267	17.8702033	1333476319000
40.6306305	17.9112638	1333476346000
40.7034501	17.6694826	1333476396000
40.7748103	17.5029601	1333476410000
40.6198168	18.0007161	1333476454000
40.8200262	17.414075	1333476466000
40.7489328	17.4768976	1333476479000
40.5663035	17.982301	1333476484000
40.5267402	17.6930564	1333476528000
40.6678589	17.6891362	1333476578000
40.6949303	17.7590229	1333476589000
