40.5991583	17.6824263	1333476026000
40.5052529	18.0299852	1333476035000
40.4514492	17.6767223	1333476047000
40.6854447	17.4165292	1333476066000
40.7268246	17.4856976	1333476076000
40.4877674	18.0029934	1333476087000
40.7427105	17.5416395	1333476139000
40.7623511	17.5055668	1333476170000
40.7093673	17.4486306	1333476192000
40.553429	17.7164713	1333476213000
40.6466311	17.5181568	1333476264000
40.816162	17.3392367	1333476289000
40.7339759	17.5805673	1333476312000
40.7742775	17.455017	1333476340000
40.4824746	18.0036666	1333476388000
40.7405621	17.5346209	1333476400000
40.6402282	17.8559855	1333476454000
40.4232632	17.7652226	1333476472000
40.7777223	17.5179416	1333476523000
40.8361722	17.3340453	1333476567000
40.6035166	17.4851409	1333476611000
40.6467224	17.7663096	1333476631000
40.6453804	17.9138064	1333476657000
40.4774265	17.6474536	1333476710000
40.4428964	17.8961476	1333476759000
40.7276411	17.5806709	1333476788000
40.6063066	17.9003989	1333476812000
40.4748002	17.7414516	1333476825000
40.5507493	17.8089303	1333476844000
40.6867156	17.6558258	1333476854000
40.6920245	17.5216974	1333476903000
40.4389856	17.9155625	1333476936000
40.817183	17.3681898	1333476946000
40.526851	17.6661744	1333476965000
40.5776712	17.8335702	1333476989000
40.6897277	17.4235623	1333477006000
40.7189704	17.612497	1333477043000
40.6460326	17.9335324	1333477082000
40.5008222	17.8090029	1333477102000
40.7216756	17.6036237	1333477136000
40.5842987	17.6890637	1333477185000
40.4360379	17.8436744	1333477214000
40.4098324	17.7411905	1333477254000
40.5932248	18.007489	1333477291000
40.6837318	17.6841742	1333477337000
40.7781885	17.463824	1333477386000
40.4071969	17.7150491	1333477414000
40.7897697	17.4847425	1333477445000
40.5341721	18.0042086	1333477451000
40.5524161	17.4681779	1333477460000
40.5636831	17.761835	1333477501000
40.7876097	17.5851504	1333477529000
40.702704	17.8098544	1333477559000
40.4615986	17.6906695	1333477608000
40.7309652	17.3952131	1333477616000
40.621247	17.9182662	1333477629000
40.4885462	17.5869932	1333477680000
40.5611741	17.7601586	1333477690000
40.6784672	17.5306046	1333477734000
40.4150399	17.8418003	1333477788000
40.6336376	17.9033308	1333477793000
40.4754661	17.5600471	1333477830000
40.5595917	17.764397	1333477853000
40.4796884	17.5645018	1333477861000
40.4363638	17.7141385	1333477879000
40.6706099	17.6848973	1333477898000
40.8286029	17.3139163	1333477920000
40.5095708	17.8230538	1333477941000
40.4702729	17.8396563	1333477995000
40.7179624	17.7660916	1333478002000
40.6083611	17.9500656	1333478015000
40.7403294	17.6101926	1333478054000
40.7444412	17.664106	1333478075000
40.4702373	17.8443899	1333478124000
40.6541425	17.7396144	1333478148000
40.4999777	18.0032048	1333478183000
40.4688745	17.9696946	1333478213000
40.4430359	17.7345407	1333478240000
40.6803659	17.9222827	1333478254000
40.7955652	17.5024988	1333478275000
40.6488761	17.7923194	1333478326000
40.5404551	17.8500855	1333478332000
40.7741333	17.4542767	1333478353000
40.7502921	17.3953685	1333478362000
40.7415313	17.5857449	1333478415000
40.7266319	17.3880016	1333478447000
40.7078828	17.7673047	1333478457000
40.582957	17.7234724	1333478480000
40.4768588	18.00857	1333478494000
40.8468128	17.3274618	1333478526000
40.4851846	18.0035647	1333478536000
40.4993203	17.5804619	1333478542000
40.6362035	17.9433153	1333478575000
40.7138414	17.5766339	1333478616000
40.719722	17.6329608	1333478641000
40.5370135	17.8689251	1333478670000
40.7560757	17.7004442	1333478714000
40.8335055	17.3578948	1333478768000
40.4715284	17.8023827	1333478784000
40.7436732	17.7353797	1333478801000
