40.6843668	17.8402003	1333476014000
40.6994232	17.7286328	1333476021000
40.7046013	17.6501832	1333476062000
40.6622968	17.7180182	1333476103000
40.5095879	17.5779909	1333476122000
40.5896961	17.462157	1333476134000
40.6217008	17.9122827	1333476142000
40.5263248	17.7971138	1333476168000
40.8760177	17.3988113	1333476204000
40.535352	17.7864641	1333476246000
40.8098431	17.5180229	1333476293000
40.6466172	17.5121015	1333476325000
40.4489315	17.880925	1333476369000
40.6267043	17.8929989	1333476419000
40.4485898	17.5657551	1333476461000
40.6252697	17.9182188	1333476481000
40.7575933	17.5658322	1333476501000
40.5145455	17.6659834	1333476539000
40.6293823	17.9423676	1333476580000
40.585886	17.5443646	1333476634000
40.623319	17.9382819	1333476643000
40.6782261	17.7617673	1333476687000
40.686021	17.4319942	1333476721000
40.4829231	18.0645078	1333476745000
40.7609142	17.5332548	1333476767000
40.5534759	17.9204439	1333476774000
40.4906029	17.6535558	1333476826000
40.5028676	17.549296	1333476838000
40.8562977	17.348607	1333476884000
40.5749541	17.7419577	1333476910000
40.4186694	17.7221614	1333476941000
40.6306932	17.6370665	1333476967000
40.7143793	17.6937608	1333476978000
40.4938929	17.7042732	1333477009000
40.7042342	17.4378398	1333477053000
40.6813898	17.5887792	1333477089000
40.6008864	17.6418275	1333477127000
40.4771117	17.8238408	1333477174000
40.3805969	17.7762208	1333477214000
40.4978424	17.7413682	1333477219000
40.4684549	17.8578011	1333477227000
40.4927288	17.9794695	1333477271000
40.6124661	17.9604819	1333477301000
40.6290789	17.6293163	1333477335000
40.4828668	17.7239272	1333477365000
40.534873	18.0717572	1333477413000
40.8477074	17.4335319	1333477449000
40.8448134	17.3238633	1333477488000
40.5936577	17.5087843	1333477539000
40.5279858	17.6471661	1333477577000
40.5201879	17.861221	1333477602000
40.7086037	17.6171817	1333477624000
40.6961232	17.4078483	1333477676000
40.7614299	17.4273205	1333477705000
40.5506413	17.7153174	1333477730000
40.6485607	17.7855929	1333477773000
40.7129301	17.7071252	1333477821000
40.5077603	18.0745026	1333477872000
40.5901816	17.9264658	1333477882000
40.6419342	17.9449567	1333477889000
40.6996136	17.8178039	1333477933000
40.5003968	17.9347449	1333477949000
40.4161331	17.6790531	1333477965000
40.7421428	17.4259078	1333478004000
40.6812516	17.60006	1333478025000
40.756797	17.4616037	1333478039000
40.4868228	17.8062496	1333478075000
40.7581782	17.5840965	1333478104000
40.4697362	17.7432903	1333478124000
40.5607689	17.8078554	1333478166000
40.7203567	17.5800867	1333478179000
40.5155609	17.6760793	1333478220000
40.596173	17.5666577	1333478236000
40.6991373	17.820476	1333478261000
40.4939894	17.9732811	1333478281000
40.5703945	17.9255099	1333478331000
40.727726	17.677875	1333478370000
40.5571812	17.8113592	1333478406000
40.6466836	17.5225301	1333478420000
40.740986	17.4316745	1333478446000
