44.3495843	11.7007746	1333476051000
44.356727	11.7327591	1333476098000
44.3076261	11.6677332	1333476147000
51.8201565	16.5979281	1333476193000
44.357912	11.7209583	1333476231000
44.3405726	11.7172382	1333476239000
48.42963	20.519026	1333476259000
51.820904	16.5925737	1333476287000
44.3700267	11.7280499	1333476314000
44.3590713	11.720194	1333476347000
48.437354	20.537689	1333476388000
44.3527227	11.6916432	1333476401000
44.3158977	11.6656729	1333476421000
44.3592907	11.6900314	1333476433000
44.42004	11.6456318	1333476453000
44.3889109	11.7343919	1333476496000
44.3063672	11.7241923	1333476537000
44.4013833	11.6807217	1333476560000
44.3400539	11.7100657	1333476601000
44.3501534	11.7156541	1333476609000
