44.331423	11.627784	1333476033000
44.3315965	11.6809946	1333476045000
44.3307118	11.727504	1333476072000
44.3458335	11.7114617	1333476096000
44.4005461	11.7264502	1333476112000
44.354504	11.7078041	1333476123000
44.3391436	11.6873527	1333476144000
44.399512	11.6856792	1333476157000
48.4178124	20.5779323	1333476201000
44.3523471	11.6947824	1333476220000
44.3633799	11.7092793	1333476253000
44.3543147	11.7374169	1333476291000
44.3693044	11.788622	1333476324000
44.3680008	11.6935958	1333476373000
44.3598255	11.7188064	1333476380000
44.4571153	11.7953553	1333476430000
44.3665021	11.6694931	1333476484000
44.3883144	11.7811071	1333476499000
44.3891285	11.8106288	1333476529000
44.3890224	11.6563155	1333476537000
44.3620861	11.7203193	1333476575000
44.3678687	11.7258305	1333476597000
44.3552389	11.6460577	1333476613000
44.3501271	11.7563901	1333476647000
48.44046	20.51581	1333476658000
44.4201456	11.6447946	1333476671000
44.3283333	11.5948104	1333476700000
44.3502292	11.7076827	1333476742000
44.5418	11.7787197	1333476784000
44.3508763	11.7215163	1333476810000
48.3944226	20.6063891	1333476824000
44.3488301	11.7331972	1333476858000
44.3451204	11.7193546	1333476901000
44.4330688	11.7474623	1333476910000
44.3140915	11.7320719	1333476957000
44.3702616	11.6712331	1333476993000
44.4337226	11.7147814	1333477012000
44.342145	11.6924805	1333477042000
44.3946157	11.7401233	1333477080000
44.3129809	11.7095891	1333477107000
44.3679826	11.7071921	1333477150000
44.3436853	11.6989456	1333477180000
44.3526377	11.7234202	1333477212000
48.4312846	20.4987958	1333477258000
44.302725	11.6412366	1333477300000
44.3626256	11.7142403	1333477317000
44.3286009	11.6174437	1333477338000
44.3407493	11.716967	1333477345000
44.341811	11.7104174	1333477389000
44.3814737	11.7391227	1333477429000
44.314635	11.7183285	1333477442000
48.4152165	20.5462764	1333477467000
44.3608089	11.7304439	1333477478000
44.369965	11.7326542	1333477500000
44.3628267	11.6902386	1333477523000
44.3442667	11.6879688	1333477535000
44.3936775	11.6538355	1333477542000
44.3428696	11.6939077	1333477555000
44.3382691	11.686577	1333477599000
44.3559763	11.7242977	1333477621000
44.3504429	11.6870751	1333477663000
44.3117677	11.7245351	1333477711000
48.431495	20.5593948	1333477738000
44.3564902	11.6880779	1333477752000
48.43197	20.53382	1333477770000
44.3684246	11.7888046	1333477798000
44.3815393	11.7341267	1333477824000
44.3610622	11.6953602	1333477850000
44.4216856	11.7460024	1333477901000
44.3667957	11.7167304	1333477947000
44.3821874	11.7750166	1333477986000
44.3775414	11.6849215	1333478008000
44.5063443	11.7211992	1333478061000
44.3996628	11.7604946	1333478079000
44.3545459	11.6887762	1333478103000
44.3164894	11.6014355	1333478112000
48.42483	20.513056	1333478162000
44.3446478	11.7280687	1333478209000
48.435254	20.522295	1333478237000
44.3811784	11.6918833	1333478280000
