48.3867869	20.5774001	1333476019000
44.3512776	11.713148	1333476070000
44.3504018	11.7004718	1333476111000
44.3679542	11.7039637	1333476165000
44.3654827	11.6966124	1333476201000
48.426243	20.556519	1333476236000
44.3911498	11.6801066	1333476279000
44.3983303	11.7108356	1333476293000
44.3515447	11.6898137	1333476340000
44.3175275	11.6414076	1333476392000
44.3531932	11.7238565	1333476402000
44.3392499	11.7624224	1333476428000
44.3430251	11.6847564	1333476469000
44.3264654	11.6762351	1333476502000
44.3524751	11.689399	1333476508000
44.3150754	11.6058144	1333476533000
44.3504712	11.7157435	1333476548000
44.4145355	11.6730256	1333476564000
44.3437913	11.6053221	1333476586000
44.3796913	11.7578436	1333476640000
44.3033642	11.6354661	1333476667000
44.4070318	11.6928069	1333476693000
44.3543438	11.7123931	1333476734000
44.3548709	11.6885519	1333476762000
44.3230911	11.6554382	1333476795000
44.3486435	11.7110251	1333476843000
44.3547947	11.7276777	1333476862000
44.3575269	11.6762046	1333476900000
44.3096436	11.6514062	1333476907000
44.3400432	11.6990408	1333476951000
44.3493039	11.7540102	1333476971000
44.4005458	11.7069565	1333477023000
44.3555147	11.7089489	1333477071000
44.4176112	11.7363949	1333477088000
44.35005	11.7157063	1333477097000
44.3844226	11.6893987	1333477123000
44.3587023	11.6947411	1333477177000
44.3484921	11.6912035	1333477198000
44.3611322	11.7884729	1333477210000
44.3488083	11.7244963	1333477235000
