44.3448058	11.6844291	1333476019000
48.443857	20.51089	1333476066000
44.3269659	11.6638292	1333476102000
44.3623307	11.691682	1333476141000
44.3662621	11.7170753	1333476167000
44.3075106	11.705709	1333476191000
44.4194027	11.6663491	1333476239000
44.3473496	11.6896717	1333476290000
48.427817	20.560385	1333476316000
44.3545233	11.7236122	1333476358000
44.3108572	11.685974	1333476367000
44.3544958	11.7077961	1333476415000
44.3487293	11.6325512	1333476422000
44.3659986	11.7184563	1333476444000
44.3512171	11.705275	1333476467000
44.3169087	11.7136426	1333476484000
44.4178815	11.7165837	1333476495000
44.3456944	11.7134819	1333476521000
44.3512012	11.7143984	1333476565000
44.3648043	11.6960469	1333476580000
44.338058	11.662719	1333476613000
44.456001	11.7832268	1333476663000
44.3533776	11.7141125	1333476687000
44.3570694	11.7170468	1333476732000
44.3774188	11.726843	1333476781000
44.3522685	11.7102365	1333476790000
44.3544641	11.6443692	1333476809000
44.3652324	11.721003	1333476820000
44.3731008	11.708304	1333476835000
44.3891774	11.7105748	1333476885000
44.3164803	11.6447212	1333476895000
44.3602361	11.6889763	1333476911000
44.5081592	11.7680745	1333476946000
44.4058492	11.7065657	1333476990000
44.3443451	11.6964376	1333476998000
44.3622247	11.7225686	1333477037000
44.4162334	11.6714236	1333477047000
44.346229	11.6718804	1333477060000
44.415734	11.6644227	1333477069000
48.4079153	20.5561857	1333477084000
44.4019361	11.7749032	1333477091000
44.3049141	11.726287	1333477115000
44.3571982	11.7070432	1333477131000
44.3473693	11.6391026	1333477139000
44.3862657	11.7789919	1333477191000
44.3870452	11.7333736	1333477227000
44.3178427	11.6449577	1333477275000
44.3890751	11.7342343	1333477319000
44.345984	11.7252596	1333477360000
44.3897546	11.6806715	1333477393000
44.3669786	11.7076595	1333477446000
44.3226612	11.5972537	1333477464000
44.4145093	11.673351	1333477482000
44.3515621	11.7274342	1333477525000
44.3651921	11.7215842	1333477553000
44.34679	11.6280562	1333477563000
44.3367348	11.669163	1333477603000
44.3503615	11.7087969	1333477637000
44.3287467	11.6030914	1333477651000
44.3403627	11.6142351	1333477663000
