43.6159159	10.7180795	1333476016000
43.6832507	10.4482728	1333476049000
43.635598	10.7113843	1333476097000
43.6560045	10.6197048	1333476116000
43.597453	10.7646382	1333476142000
43.2890145	10.9272216	1333476151000
43.2841149	10.8758164	1333476191000
43.408512	10.7109405	1333476208000
43.2741652	10.7981384	1333476223000
43.6996448	10.3874998	1333476236000
43.653662	10.635312	1333476288000
43.8120475	10.400729	1333476301000
43.6259412	10.8271551	1333476338000
43.7100359	10.4022082	1333476388000
43.5390892	10.5097908	1333476427000
43.684939	10.6027628	1333476433000
43.8138723	10.419766	1333476469000
43.6661269	10.7765613	1333476507000
43.5173223	10.5859841	1333476561000
43.5140001	10.5833985	1333476576000
43.1730064	10.6573786	1333476590000
43.382103	10.7822761	1333476610000
43.75125	10.56248	1333476662000
43.7309469	10.5241136	1333476674000
43.5717352	10.5627465	1333476714000
43.3416745	10.5814659	1333476764000
43.7170129	10.5157719	1333476771000
43.6067092	10.5894618	1333476817000
43.6741226	10.3714587	1333476869000
43.3026905	10.6969486	1333476891000
43.6760076	10.2760717	1333476910000
43.7246604	10.7543551	1333476928000
43.3094058	10.8883806	1333476968000
43.7984826	10.4097083	1333476994000
43.6704097	10.7731116	1333477013000
43.3693366	10.5948148	1333477065000
43.634824	10.8105724	1333477072000
43.465155	10.650692	1333477084000
43.4904133	10.5394658	1333477127000
43.3255932	10.8762796	1333477165000
43.6900683	10.7712978	1333477212000
43.6663221	10.7752441	1333477252000
43.7206268	10.4035598	1333477297000
43.7554739	10.4824813	1333477322000
43.7505361	10.4935906	1333477363000
43.3933281	10.7541431	1333477386000
43.4323197	10.6855211	1333477411000
43.3209238	10.5413619	1333477448000
43.1546733	10.7566641	1333477493000
43.6786894	10.6152042	1333477525000
43.4019384	10.9047573	1333477577000
43.4608388	10.5618618	1333477605000
43.7267243	10.5840588	1333477629000
43.4452676	10.71574	1333477644000
43.3731698	10.9961446	1333477692000
43.6556694	10.6690193	1333477710000
43.6053284	10.7025633	1333477746000
43.700041	10.4255406	1333477776000
43.6845456	10.4830133	1333477803000
43.1444619	10.6936159	1333477830000
43.5548135	10.710966	1333477879000
43.1806869	10.8218077	1333477892000
43.703735	10.533617	1333477899000
43.6492539	10.6090634	1333477925000
43.4156074	10.5973947	1333477936000
43.728457	10.4205449	1333477984000
43.6090108	10.7871452	1333478036000
43.5377987	10.6458827	1333478072000
43.7986371	10.3847473	1333478122000
43.7053298	10.8711796	1333478161000
43.6620023	10.7019275	1333478214000
43.2382941	10.9118806	1333478241000
43.6436087	10.595058	1333478250000
43.705984	10.8530545	1333478274000
43.725603	10.4115689	1333478315000
43.7483932	10.6022416	1333478347000
43.7136869	10.7624346	1333478378000
43.7107837	10.7783941	1333478413000
43.7588167	10.4379047	1333478438000
43.7471274	10.6161197	1333478453000
43.6403668	10.5069924	1333478464000
43.5545413	10.4780803	1333478490000
43.7117868	10.7585332	1333478513000
43.5366459	10.4741131	1333478559000
43.7256272	10.4024861	1333478613000
43.6854793	10.6090207	1333478655000
43.6088541	10.6185131	1333478669000
43.421612	10.955538	1333478680000
43.6385195	10.6656763	1333478697000
43.2609406	10.9368434	1333478743000
43.6660376	10.6559092	1333478765000
43.4860567	10.8396046	1333478796000
43.5244206	10.6305661	1333478819000
43.3652368	10.9896432	1333478825000
43.4919215	10.4931491	1333478867000
43.6520531	10.6910759	1333478879000
43.5321365	10.7008246	1333478889000
43.6326462	10.879147	1333478933000
43.6050654	10.3585344	1333478978000
43.1783228	10.7153231	1333479015000
