43.7207327	10.3910317	1333476031000
43.7202158	10.4114955	1333476081000
43.209341	10.9056109	1333476118000
43.4573715	10.5606143	1333476142000
43.523147	10.8450841	1333476181000
43.7230013	10.4306761	1333476210000
43.5034011	10.5886003	1333476253000
43.3995653	10.6073849	1333476283000
43.6561182	10.6502577	1333476294000
43.7115078	10.4918581	1333476337000
43.5723215	10.5820671	1333476370000
43.7335049	10.570177	1333476384000
43.5182444	10.5320765	1333476436000
43.7142737	10.4004098	1333476458000
43.6001753	10.5052146	1333476494000
43.6979164	10.3542159	1333476508000
43.4174008	10.6733803	1333476528000
43.7816511	10.71103	1333476542000
43.4084693	10.5100221	1333476550000
43.7615949	10.3728252	1333476569000
43.4900391	10.6138873	1333476616000
43.508631	10.5282812	1333476638000
43.3450119	10.7525602	1333476655000
43.6696348	10.770305	1333476661000
43.4565767	10.4929165	1333476712000
43.1537314	10.6706651	1333476748000
43.2342504	10.8686819	1333476772000
43.626221	10.315783	1333476804000
43.4626753	10.5530231	1333476842000
43.6899712	10.8886252	1333476857000
43.2092183	10.7971103	1333476891000
43.628314	10.5284411	1333476917000
43.6766067	10.7529811	1333476946000
43.6500022	10.7913938	1333476988000
43.7996207	10.2816617	1333477025000
43.819092	10.425243	1333477065000
43.6789515	10.3470305	1333477101000
43.2863319	10.9456591	1333477113000
43.5909875	10.3022592	1333477142000
43.6073633	10.5317885	1333477192000
