43.3165683	10.5769241	1333476019000
43.7102662	10.3842156	1333476027000
43.7260062	10.608725	1333476068000
43.5615076	10.5431011	1333476105000
43.6434973	10.6688848	1333476138000
43.7143869	10.4098712	1333476163000
43.6744341	10.3500347	1333476208000
43.5534775	10.4774318	1333476213000
43.1990307	10.7881799	1333476254000
43.5301085	10.5686279	1333476298000
43.6100088	10.6897486	1333476311000
43.380682	10.7069293	1333476347000
43.6603403	10.9176028	1333476371000
43.7820002	10.401595	1333476392000
43.3140023	10.6387242	1333476402000
43.7254326	10.5116499	1333476409000
43.2726083	10.8054075	1333476420000
43.6765302	10.737711	1333476448000
43.5777206	10.698936	1333476487000
43.7005432	10.7117504	1333476538000
