43.6783177	10.4287834	1333476044000
43.3174591	10.8021414	1333476064000
43.6129047	10.2911819	1333476090000
43.3815038	10.8789072	1333476115000
43.6825854	10.3480642	1333476137000
43.3311655	10.7106094	1333476157000
43.6447846	10.8089385	1333476204000
43.7178633	10.5101887	1333476254000
43.2142434	10.7899056	1333476286000
43.3292215	10.787853	1333476339000
43.7235796	10.6101536	1333476364000
43.6064315	10.7058645	1333476395000
43.5501905	10.7197603	1333476403000
43.3299467	10.9166824	1333476410000
43.7011361	10.4901425	1333476420000
43.1620873	10.8370967	1333476437000
43.3080781	10.592178	1333476487000
43.393793	10.8479857	1333476524000
43.3257364	10.8892856	1333476570000
43.4001797	10.6211212	1333476582000
43.6819582	10.6494557	1333476597000
43.6761095	10.7526329	1333476619000
43.443329	10.506902	1333476645000
43.3787497	10.7344014	1333476682000
43.2499158	10.6729738	1333476714000
43.3728148	10.6217412	1333476757000
43.699649	10.5154508	1333476788000
43.6894117	10.4408702	1333476840000
43.6749012	10.8451249	1333476849000
43.5801065	10.6741909	1333476875000
43.6998259	10.4755351	1333476897000
43.8026211	10.4032784	1333476915000
43.5255846	10.6158945	1333476925000
43.2106754	10.8408631	1333476930000
43.7160085	10.7496321	1333476976000
43.6866065	10.896191	1333476996000
43.6996755	10.8358349	1333477046000
43.5999001	10.8059021	1333477083000
43.2762762	10.8465993	1333477117000
43.7104751	10.3989434	1333477165000
43.3249014	10.8756088	1333477209000
43.6390476	10.5303814	1333477235000
43.6636346	10.6499507	1333477287000
43.7095934	10.4052041	1333477339000
43.7081247	10.6333034	1333477381000
43.4690983	10.7222191	1333477388000
43.475434	10.5659574	1333477401000
43.4815412	10.6004634	1333477440000
43.4641266	10.6000075	1333477456000
43.4027663	11.0000691	1333477481000
43.7217905	10.3894112	1333477498000
43.3574571	10.5887657	1333477536000
43.7592549	10.3743444	1333477571000
43.675254	10.9061761	1333477604000
43.7851946	10.3753122	1333477642000
43.2879619	10.609691	1333477668000
43.558048	10.7240995	1333477695000
43.4550738	10.563619	1333477715000
43.3492407	10.8400176	1333477760000
43.4925099	10.559098	1333477797000
