43.6076616	10.703733	1333476054000
43.6728846	10.475857	1333476093000
43.8226084	10.4189657	1333476099000
43.3068864	10.817888	1333476138000
43.6708838	10.655697	1333476152000
43.6043429	10.2911668	1333476162000
43.2809501	10.8233927	1333476184000
43.6210392	10.76953	1333476225000
43.2917548	10.8373654	1333476234000
43.3002624	10.9433694	1333476276000
43.7435541	10.6070998	1333476329000
43.2805369	10.8526916	1333476377000
43.6640701	10.6328737	1333476416000
43.69599	10.5161711	1333476450000
43.7764974	10.3568404	1333476456000
43.6882247	10.4820836	1333476476000
43.4794513	10.5935364	1333476510000
43.253606	10.7771264	1333476524000
43.3963797	10.8270519	1333476542000
43.4884316	10.5332128	1333476565000
43.719144	10.4430883	1333476574000
43.2861698	10.8315058	1333476583000
43.3040747	10.8051515	1333476614000
43.3569855	10.6306785	1333476636000
43.2979222	10.8391296	1333476682000
43.2884788	10.830643	1333476731000
43.2883864	10.827227	1333476740000
43.2577644	10.9774064	1333476787000
43.3887174	10.827418	1333476820000
43.7145665	10.6778791	1333476829000
43.3537647	10.6134902	1333476838000
43.6861726	10.494124	1333476859000
43.5768929	10.4851415	1333476912000
43.658477	10.7299527	1333476948000
43.3945023	10.8491035	1333476974000
43.5758352	10.6702596	1333476997000
43.1920226	10.7547717	1333477033000
43.400392	10.9680374	1333477067000
43.3563253	10.6256417	1333477072000
43.7266913	10.4461693	1333477082000
43.5625844	10.6468651	1333477132000
43.4772953	10.7261311	1333477174000
43.5414034	10.5182116	1333477188000
43.5853774	10.5556726	1333477194000
43.67381	10.4993226	1333477246000
43.7214479	10.5855414	1333477291000
43.3866805	10.5502278	1333477318000
43.7350576	10.7745302	1333477336000
43.6438597	10.3611058	1333477382000
43.600344	10.5423898	1333477391000
43.7484915	10.6132732	1333477404000
43.6265115	10.2915206	1333477414000
43.4822138	10.56595	1333477462000
43.5466797	10.7193277	1333477492000
43.6510194	10.5380373	1333477511000
43.4798075	10.6755705	1333477542000
43.405496	10.8543061	1333477585000
43.5339055	10.4837158	1333477620000
43.3758539	11.0066274	1333477639000
43.3161687	10.8089653	1333477664000
43.6197213	10.6266519	1333477689000
43.6902805	10.5604603	1333477701000
43.4490572	10.62306	1333477713000
43.7276482	10.3869912	1333477722000
43.2790563	10.8024218	1333477739000
43.473734	10.5887174	1333477760000
43.4490337	10.7738792	1333477810000
43.7330326	10.4665105	1333477863000
43.6325305	10.5901999	1333477878000
43.7728237	10.7123789	1333477905000
43.7429688	10.3641394	1333477918000
43.5187748	10.5193502	1333477935000
43.5415895	10.6792954	1333477957000
43.7086907	10.7800968	1333477973000
43.552285	10.583338	1333478010000
43.7070635	10.3812882	1333478052000
43.6135149	10.3037849	1333478074000
43.6911831	10.6845872	1333478098000
43.6893364	10.864505	1333478111000
43.7183166	10.5112365	1333478147000
