43.8775646	11.1071789	1333476017000
43.9199333	11.1274997	1333476067000
43.921618	11.157709	1333476084000
44.0467565	11.1311375	1333476132000
43.862425	11.116383	1333476177000
43.8266868	11.0062749	1333476218000
43.9932177	11.157921	1333476264000
44.010101	11.1438523	1333476286000
44.0510675	11.1540985	1333476304000
43.8510726	11.1214896	1333476312000
44.058758	11.07935	1333476344000
44.0388455	11.1493507	1333476387000
43.9618427	11.130234	1333476412000
43.8606412	11.128485	1333476456000
44.0326009	11.116009	1333476495000
43.9293667	11.0925322	1333476508000
44.0351054	11.1331837	1333476539000
43.8084987	10.9637945	1333476551000
43.9218017	11.083581	1333476600000
43.817662	10.9848615	1333476611000
