43.9059197	11.1163544	1333476045000
43.8996207	11.0909567	1333476052000
43.8423106	11.0780832	1333476087000
43.8745036	11.116443	1333476093000
43.9826176	11.1728125	1333476146000
43.8509913	11.1065734	1333476160000
44.0059776	11.1221416	1333476183000
43.8552512	11.1236981	1333476216000
43.9223041	11.0532499	1333476266000
43.9700304	11.0843285	1333476289000
44.0861944	11.1410876	1333476332000
43.9045685	11.0280978	1333476355000
43.8630354	11.1170492	1333476381000
43.9125233	11.1331603	1333476428000
43.8819618	11.0947581	1333476465000
43.8726442	11.0631004	1333476475000
44.0114377	11.0418309	1333476492000
44.000653	11.0421522	1333476515000
43.9809349	11.1264031	1333476548000
43.8438993	11.0967934	1333476589000
43.9293766	11.0324534	1333476614000
44.0443339	11.1139135	1333476652000
43.9682023	11.1404895	1333476668000
43.972664	11.0669442	1333476701000
43.8867194	11.0470068	1333476741000
43.8885655	11.0965464	1333476754000
43.9616752	11.0890597	1333476784000
44.0914694	11.0745356	1333476792000
43.9254846	11.0329616	1333476811000
43.8609351	11.0857745	1333476818000
43.7826902	10.9888825	1333476864000
44.7223674	10.7516983	1333476898000
44.0092848	11.1525543	1333476921000
43.9077726	11.1258099	1333476938000
44.030014	11.1124995	1333476955000
44.0254338	11.1393291	1333476963000
43.8437682	11.0977666	1333477016000
43.8593108	11.1339068	1333477066000
44.114276	11.145813	1333477075000
44.0041289	11.145452	1333477094000
44.0827965	11.1210588	1333477110000
43.8703221	11.1139193	1333477140000
44.0951841	11.0928468	1333477177000
43.7993906	10.9834709	1333477201000
43.9724726	11.1408567	1333477213000
43.9047108	11.133498	1333477220000
43.9603638	11.0490448	1333477269000
43.9821508	11.1504393	1333477278000
43.9656313	11.1236438	1333477304000
43.9413084	11.0861921	1333477358000
43.8771494	11.0751079	1333477397000
44.0061315	11.133541	1333477419000
43.8897202	11.049764	1333477427000
43.9144462	11.1548087	1333477450000
43.8590825	11.1023955	1333477479000
44.104793	11.113984	1333477531000
43.9741894	11.0848214	1333477572000
44.0505265	11.1640991	1333477622000
43.8825671	11.1318996	1333477672000
43.9129276	11.0849598	1333477710000
