43.8659852	11.1298174	1333476025000
44.0748191	11.1861768	1333476048000
43.9703654	11.1387696	1333476086000
43.9902888	11.1156415	1333476093000
44.7099507	10.7285394	1333476108000
43.9144478	11.0590831	1333476127000
43.8633964	11.1121579	1333476176000
44.0169122	11.0431783	1333476185000
43.9427725	11.1467342	1333476209000
43.9588412	11.1256578	1333476237000
43.8039898	11.0069431	1333476270000
44.0922993	11.1552346	1333476307000
43.9115969	11.0228378	1333476346000
43.9492983	11.0998428	1333476390000
43.8776303	11.0939768	1333476399000
43.9549619	11.1499568	1333476417000
44.1098701	11.1412105	1333476440000
43.7713631	11.0564265	1333476477000
44.1000262	11.1784295	1333476495000
44.0151098	11.1473155	1333476533000
43.8919977	11.0519442	1333476551000
43.8861439	11.0459936	1333476563000
43.8170004	11.0541383	1333476569000
43.9975075	11.0221238	1333476600000
43.7969446	11.0615384	1333476613000
43.8722282	11.0556024	1333476656000
43.9588713	11.1180883	1333476698000
44.0263719	11.1211741	1333476749000
43.9592375	11.1379368	1333476786000
43.8739764	11.073009	1333476792000
43.9659735	11.1140293	1333476833000
43.7824368	11.0103788	1333476858000
43.8003657	10.9881948	1333476881000
44.029725	11.105584	1333476900000
44.048604	11.097935	1333476932000
43.9609383	11.1169877	1333476967000
43.980432	11.0973926	1333476977000
43.8652293	11.0486564	1333477000000
43.8651441	11.0697389	1333477015000
44.7234925	10.7648151	1333477035000
43.9111108	11.1188633	1333477059000
43.8729072	11.038222	1333477094000
43.8362889	11.0699292	1333477130000
43.9391175	11.1590214	1333477175000
44.7244454	10.7241673	1333477199000
44.080621	11.1899239	1333477213000
44.078185	11.064541	1333477259000
43.9855048	11.1128435	1333477264000
43.9350748	11.1594699	1333477272000
43.997775	11.1236918	1333477280000
43.8596887	11.1086148	1333477330000
43.8928097	11.057234	1333477336000
43.9298051	11.1193855	1333477342000
43.9977663	11.0225941	1333477349000
44.0261523	11.1411903	1333477390000
43.8667977	11.0500452	1333477402000
44.0988101	11.1891112	1333477434000
43.9080659	11.1155238	1333477472000
44.0342957	11.0510346	1333477478000
44.067936	11.1389332	1333477495000
44.0127094	11.1489701	1333477508000
43.8027072	11.0450569	1333477527000
43.8356292	11.0357575	1333477564000
43.8878443	11.1054625	1333477593000
44.0440276	11.1505882	1333477645000
43.8595822	11.0816587	1333477650000
43.825023	11.0433975	1333477673000
43.8043074	10.9806757	1333477690000
44.1093124	11.1278991	1333477717000
43.7684123	11.0332075	1333477749000
43.9726918	11.1316384	1333477771000
44.0775525	11.0978854	1333477784000
44.7245722	10.7645226	1333477824000
43.8077037	10.983549	1333477839000
43.8744758	11.0447504	1333477846000
43.8293703	11.0336584	1333477875000
43.8581809	11.0911359	1333477881000
43.792511	11.020879	1333477898000
43.8541537	11.1356788	1333477951000
44.0679191	11.0906027	1333477970000
43.8758826	11.116163	1333477989000
43.9538957	11.1105952	1333478013000
43.9402089	11.0373654	1333478056000
43.9672828	11.0788033	1333478109000
43.8479289	11.0242388	1333478138000
44.0465939	11.1541667	1333478159000
44.0923898	11.1467348	1333478209000
43.7889194	11.0005632	1333478252000
43.7877164	11.0406043	1333478265000
44.0756149	11.0618328	1333478303000
43.7979005	10.9956146	1333478351000
43.851266	11.0281722	1333478361000
43.8593347	11.0828208	1333478387000
43.9691114	11.1446112	1333478396000
44.0590379	11.1231851	1333478450000
43.9218053	11.0923509	1333478503000
43.9268186	11.1280697	1333478556000
43.7772752	11.038938	1333478577000
44.0869919	11.1392521	1333478591000
43.8709826	11.0756275	1333478615000
