43.8345458	11.0849189	1333476050000
43.8780618	11.061019	1333476102000
43.8882167	11.062714	1333476152000
43.8765363	11.0783653	1333476191000
43.7672927	11.0555508	1333476237000
43.8349631	11.0364649	1333476251000
43.9255371	11.0241741	1333476290000
44.0800287	11.1110658	1333476326000
43.8187815	11.0417965	1333476353000
44.0094579	11.1537657	1333476371000
44.0940136	11.1932471	1333476417000
43.8980399	11.0832569	1333476449000
43.9672526	11.1723937	1333476501000
43.8796224	11.1231079	1333476525000
43.9469182	11.1090793	1333476538000
43.8145423	11.0064683	1333476562000
43.885318	11.0998766	1333476616000
43.8853342	11.1089561	1333476638000
43.908125	11.1158439	1333476673000
44.0916619	11.1559516	1333476694000
43.8664459	11.1051394	1333476709000
44.0795365	11.1922378	1333476755000
43.9340694	11.0808647	1333476787000
43.8321293	11.0116988	1333476831000
43.9088032	11.1128521	1333476884000
43.9047439	11.1111087	1333476900000
43.854277	11.0950567	1333476935000
43.8691908	11.0561566	1333476976000
43.7876738	11.0406901	1333477027000
43.93559	11.16159	1333477054000
43.8700495	11.0838868	1333477096000
43.8862061	11.077011	1333477121000
43.8807648	11.0883231	1333477151000
44.0828419	11.1676441	1333477184000
44.0160868	11.1349786	1333477190000
44.049584	11.1074227	1333477218000
43.8172534	11.042343	1333477224000
43.9457275	11.0888627	1333477270000
44.0461515	11.0798202	1333477279000
43.9302118	11.107587	1333477309000
