44.0251268	11.10176	1333476034000
44.0783259	11.1506931	1333476055000
43.8848943	11.0437158	1333476084000
43.9445666	11.042288	1333476102000
43.9789123	11.1341379	1333476110000
43.9132661	11.0780923	1333476157000
43.8749468	11.1425773	1333476194000
43.9153711	11.1152262	1333476244000
43.9283772	11.0345698	1333476289000
43.9996154	11.1728535	1333476315000
43.9564081	11.0770763	1333476344000
43.9207858	11.1640549	1333476385000
44.0104682	11.1455344	1333476409000
43.9028265	11.1066185	1333476463000
43.7685575	11.0330166	1333476472000
43.8822381	11.0851759	1333476502000
43.8643026	11.035092	1333476525000
44.0357318	11.1410351	1333476564000
44.0148564	11.1304489	1333476571000
43.9740885	11.0671168	1333476598000
44.0163364	11.1307512	1333476632000
44.0457807	11.1513201	1333476662000
43.9879279	11.1343157	1333476690000
44.0416076	11.0851994	1333476715000
44.0175545	11.1623251	1333476739000
43.8593011	11.1091308	1333476786000
44.0447917	11.1538973	1333476832000
44.1004067	11.1086984	1333476868000
43.8580158	11.0910289	1333476899000
43.8687299	11.0404025	1333476952000
44.0390027	11.0570448	1333476975000
43.8085538	11.0102403	1333476980000
44.1105161	11.1432164	1333477011000
43.8786116	11.0979597	1333477034000
43.9318778	11.068322	1333477067000
44.0898013	11.1637079	1333477106000
43.940419	11.0336794	1333477156000
44.0979085	11.1742699	1333477168000
43.9958105	11.1311573	1333477203000
43.9528929	11.137413	1333477239000
43.9509331	11.1195763	1333477289000
43.9406643	11.0376791	1333477332000
43.8745508	11.1521903	1333477341000
43.9294809	11.1292873	1333477385000
43.9576711	11.0781282	1333477400000
43.9568301	11.116415	1333477436000
43.9981321	11.1368191	1333477471000
44.0315753	11.063728	1333477491000
43.9837083	11.0932611	1333477537000
43.9883502	11.1334511	1333477571000
43.8600506	11.0923916	1333477587000
44.0153543	11.1435802	1333477613000
43.9967856	11.1388382	1333477635000
43.9594395	11.0922205	1333477653000
43.8288123	11.0390397	1333477660000
44.0283345	11.1906681	1333477711000
43.8837303	11.0974841	1333477720000
43.9064283	11.040344	1333477726000
43.8612582	11.1121933	1333477776000
44.0713726	11.0935739	1333477825000
43.8046537	11.0306368	1333477842000
43.8141421	11.0914578	1333477890000
43.8406967	11.0791758	1333477933000
44.695615	10.7320342	1333477969000
43.9671856	11.1238468	1333477978000
43.9315899	11.127426	1333478011000
44.0494271	11.1681304	1333478053000
43.9094544	11.0338786	1333478107000
43.9978224	11.1362385	1333478149000
43.884674	11.0769155	1333478155000
43.9792736	11.0741008	1333478161000
43.7942211	11.0598475	1333478172000
43.997743	11.1235486	1333478188000
43.8659852	11.1298174	1333478216000
43.8900904	11.0581161	1333478221000
43.9700603	11.1468314	1333478244000
43.8443961	11.0968684	1333478285000
43.789096	11.0091799	1333478325000
43.9773683	11.1428628	1333478333000
43.7908874	11.0563166	1333478375000
